f1,f2,f3,f4,f5,f6,f7,f8,f9,f10,f11,f12,f13,f14,f15,f16,f17,f18,f19,f20,f21,f22,f23,f24,f25,clase
-1.17938,-2.18788,1.34687,2.29522,1.57012,-0.179462,-0.874232,-1.43843,-1.03586,-2.10831,-0.00477764,0.308829,0.0152126,-0.139392,0.770803,-0.161931,0.625664,-0.06147,0.154245,0.953174,0.0190807,0.32742,-0.0143929,-0.118442,0.762846,2
-1.39212,-1.15397,0.0577917,0.909154,2.55336,0.680807,-0.859089,-1.15355,-1.21517,-2.19692,-0.0943438,-0.0268667,0.304491,-0.290927,0.559966,-0.141241,-0.0703955,0.281272,-0.324181,0.534548,0.0236285,-0.126248,0.30698,-0.380753,0.419105,2
0.496807,-0.239263,0.696079,0.867805,-0.621596,-0.949335,-0.719118,0.323372,0.259803,0.442224,0.811223,1.68412,-2.37651,1.81855,0.966977,0.722326,2.16994,-2.98272,2.66246,0.997202,0.799529,1.64941,-2.39232,1.87406,0.965877,2
-2.0204,-1.05094,-2.8051,-1.96459,-2.29231,1.19851,1.7764,2.44548,4.96263,-0.936751,2.27306,-1.012,0.461694,-0.61346,-2.22967,2.82495,-0.182321,-0.537217,-0.310578,-1.66438,2.34214,-0.812312,0.412408,-0.589791,-1.72557,1
-0.949725,-1.4289,1.13861,1.68543,0.731312,-0.541795,-0.732901,-0.178463,-0.378485,-1.40679,0.200202,0.730263,-0.95903,0.473478,0.748614,0.290458,1.17394,-1.46057,1.00365,0.904647,0.197503,0.739428,-1.01349,0.514058,0.740187,2
-0.787295,-1.14937,0.684025,1.31302,1.1263,0.627783,-0.0886966,-1.81963,-1.10012,-1.57436,-0.0126138,-0.289488,0.421833,-0.4483,0.341383,-0.269958,-0.309279,0.502604,-0.478506,0.399924,0.0531741,-0.353827,0.483983,-0.487091,0.262042,2
0.51068,-0.678828,1.14941,1.11935,-0.085898,-0.0698557,0.0430189,-1.12261,-0.908545,-0.339534,0.145669,-0.236934,0.348459,-0.372448,0.370109,0.0779319,-0.273616,0.566243,-0.467991,0.415007,0.331478,-0.343172,0.456866,-0.457736,0.274655,2
-1.49666,-2.45075,0.65328,1.62138,2.14883,0.719098,-0.445082,-1.62764,-1.17512,-2.57249,-0.554698,-0.359494,0.42963,-0.505982,0.261872,-0.764756,-0.247569,0.554408,-0.478886,0.460315,-0.506052,-0.423223,0.502894,-0.538166,0.176044,2
-0.227649,-0.14374,-0.363062,0.412488,-0.457236,-0.948456,-0.34718,1.26892,0.966797,0.098192,0.763036,0.565923,-1.25665,0.548881,0.341783,1.08678,1.27586,-3.09131,1.73745,0.313707,0.71484,0.644405,-1.45521,0.660337,0.282242,2
0.982909,0.131845,0.901759,1.09506,-0.165679,-1.57179,-1.32308,-0.0617598,-0.0832891,0.877031,0.922089,1.46439,-2.17429,1.6645,1.01109,0.806905,1.22725,-2.10357,1.57234,0.994563,0.932813,1.19636,-1.83631,1.3397,0.931584,2
-1.65471,-0.626653,-2.0837,-1.52029,-0.792922,0.578677,1.56725,2.35467,1.92071,-0.0725344,2.0268,-1.02201,0.523933,-0.640236,-1.87808,1.04989,-0.831583,0.373627,-0.644794,-0.875281,1.48618,-0.881878,0.466192,-0.61299,-1.50211,1
-0.28674,-0.360643,0.69391,0.106947,0.160122,0.610481,0.419475,-0.994323,-0.69461,-0.296405,-1.91125,-0.561545,0.414037,-0.504393,-0.0483561,-1.55544,-0.817929,0.515228,-0.675699,-0.398355,-2.37516,-0.539656,0.483004,-0.534668,-0.0133836,2
-0.113874,0.125379,-0.0425192,-0.582315,-0.0226689,0.349749,0.976182,-0.0495758,-0.415886,0.172706,-1.72425,-0.902838,0.654669,-0.640666,-0.934352,-1.31797,-1.01672,0.679417,-0.75546,-1.08551,-1.95514,-0.946597,0.709343,-0.675339,-1.05373,0
-1.21565,-1.46236,-0.462993,-0.293146,0.519116,0.42863,0.69357,0.465582,0.371058,-0.810623,-2.41832,-0.843867,0.322122,-0.5315,-1.12702,-1.9617,-0.969365,0.362003,-0.65274,-1.3327,-2.68542,-0.711982,0.0883069,-0.349269,-1.03434,0
0.0390409,-0.371028,0.63382,-0.402483,-1.37413,-0.505882,0.97985,1.20023,0.481144,0.944218,-2.22962,-1.02297,0.574998,-0.645624,-1.59938,-1.79063,-1.11231,0.620706,-0.760618,-1.80377,-2.55607,-1.00646,0.631311,-0.667443,-1.5562,0
-0.725675,1.53148,0.0884867,-1.40244,-1.56772,0.595798,1.32899,1.60614,0.275025,0.852623,-2.6381,-1.03268,0.624984,-0.65249,-1.78279,-2.32177,-1.11054,0.663055,-0.763566,-1.93108,-2.94025,-1.02754,0.690252,-0.678838,-1.71699,0
-0.752841,-0.970585,-0.131206,-0.470739,1.04798,1.50539,0.261752,-1.15028,-0.595898,-0.913583,-2.3202,-0.800248,0.553479,-0.603844,-0.657818,-1.86579,-0.916551,0.594319,-0.71518,-0.812602,-2.58244,-0.824766,0.598517,-0.628692,-0.733601,0
-0.494578,-0.444702,0.200672,-0.520655,0.324691,0.491379,0.494098,0.125229,-0.390119,-0.149027,-1.76142,-0.910204,0.605134,-0.636138,-0.914382,-1.26999,-1.01656,0.617887,-0.746385,-1.1105,-1.99801,-0.92005,0.642825,-0.658927,-0.988286,0
-0.745385,0.453518,-1.01113,-0.784846,-0.247209,0.708993,1.02245,0.158123,0.230157,0.134244,-1.31806,-0.77529,0.650412,-0.63281,-0.751572,-0.841588,-0.978321,0.656558,-0.75609,-1.08572,-1.49918,-0.937521,0.673001,-0.677598,-0.994343,0
-0.976402,-0.253096,-0.999411,-0.987376,0.32773,1.17784,0.842807,0.876521,-0.0140431,-0.664245,-1.57882,-1.03586,0.608932,-0.657968,-1.51509,-1.10534,-1.10893,0.641796,-0.766545,-1.63038,-1.72667,-1.02596,0.686854,-0.685074,-1.46867,0
-1.0938,0.276155,-0.375256,-0.16306,1.61892,1.06469,-0.355916,-0.330258,-1.1172,-1.21049,-1.54226,-0.588542,0.602445,-0.565713,-0.087457,-1.35745,-0.675609,0.421473,-0.639427,-0.220552,-1.92374,-0.630801,0.536397,-0.59292,-0.246929,2
-1.32661,-1.42262,-0.675619,-0.454497,1.18598,1.84476,0.386791,-0.728973,-0.642985,-1.15039,-2.00087,-1.00519,0.624914,-0.656708,-1.34809,-1.70516,-1.08578,0.660466,-0.765255,-1.47302,-2.1756,-1.01422,0.702166,-0.685874,-1.39906,0
-0.385781,-0.200902,0.236074,-0.726874,1.254,1.75269,-0.256414,-1.56602,-0.9594,-0.772702,-1.9044,-0.501814,0.622745,-0.527182,-0.0226087,-1.59413,-0.616258,0.564144,-0.617128,-0.174235,-2.32083,-0.542015,0.623415,-0.553569,-0.0466873,0
0.129327,-0.325241,-0.132455,-0.46928,0.493388,1.74269,0.0522544,-1.08625,-0.892713,-0.543504,-1.75773,-0.611091,0.657608,-0.581985,-0.202461,-1.39349,-0.822097,0.648452,-0.707823,-0.447481,-2.11059,-0.724276,0.677608,-0.626163,-0.346221,0
-0.893343,-0.846945,-1.01554,-1.05511,0.381153,2.13517,0.944518,-0.522604,-0.215584,-0.718448,-1.7179,-0.79693,0.703196,-0.630891,-0.890434,-1.36716,-0.976112,0.69359,-0.753911,-1.09817,-2.05592,-0.942928,0.710682,-0.678828,-1.06886,0
-1.53304,-1.85212,-0.963029,-0.770103,1.1072,2.11409,0.783466,-0.430169,-0.556138,-1.10614,-2.00584,-1.01405,0.631811,-0.654889,-1.50728,-1.62448,-1.09752,0.659327,-0.764026,-1.67113,-2.39462,-1.01641,0.702906,-0.683265,-1.47433,0
-1.5822,-1.98589,-1.34823,-0.945257,0.984168,3.06778,1.46419,-1.00218,-0.546452,-1.78618,-2.0446,-1.03016,0.625514,-0.657428,-1.59013,-1.61759,-1.09845,0.654349,-0.765115,-1.66443,-2.36625,-1.02991,0.700607,-0.685514,-1.56872,0
-1.59941,-1.99292,-1.15374,-0.744915,1.30517,2.8532,1.1488,-1.24194,-0.750782,-1.75702,-1.8813,-0.986997,0.641456,-0.65274,-1.35147,-1.43818,-1.07782,0.665514,-0.763196,-1.51463,-2.22192,-1.00316,0.707544,-0.683005,-1.38864,0
-1.74351,-1.36467,-0.824806,-0.716209,-0.0825996,2.36724,1.29788,-0.304071,0.273686,-1.35236,-1.81232,-0.999511,0.641216,-0.65406,-1.46254,-1.46295,-1.09468,0.669102,-0.765445,-1.70598,-2.0778,-1.04187,0.700907,-0.687753,-1.6836,0
0.116773,0.468501,-0.260692,-0.717708,0.563694,1.05137,0.323302,-0.843177,-0.697318,-0.190177,-1.56949,-0.739268,0.651241,-0.614069,-0.431239,-1.01386,-0.89919,0.643375,-0.730462,-0.675759,-1.84209,-0.806065,0.672641,-0.649042,-0.552789,0
-0.799888,-0.494428,-0.892863,-0.891573,-0.281162,0.747524,1.07509,0.245,0.831863,-0.170506,-2.15992,-0.906426,0.507462,-0.617687,-1.06532,-1.6411,-0.945457,0.495787,-0.708313,-1.15473,-2.42906,-0.881688,0.507732,-0.613859,-1.16092,0
-0.740797,-0.452788,-1.11903,-1.21491,-1.61727,0.935172,2.3508,0.497956,1.69588,-0.00920543,-2.92548,-1.08088,0.624994,-0.659497,-2.31626,-2.55973,-1.1454,0.661306,-0.767794,-2.50065,-3.29138,-1.07355,0.708763,-0.687004,-2.26438,0
-0.273676,0.932693,-0.415247,-0.497087,-0.288169,0.541835,0.800458,0.562545,-0.358654,-0.106008,-2.2016,-0.934342,0.656489,-0.643835,-1.1272,-1.82765,-1.03106,0.679777,-0.75586,-1.26088,-2.49429,-0.934353,0.69564,-0.671291,-1.05575,0
-0.161121,0.894052,-0.716329,-1.11344,-1.47777,0.238423,0.711202,1.84188,0.719268,1.10622,-2.10206,-0.863197,0.483273,-0.546802,-1.35134,-1.64595,-1.02477,0.564144,-0.711342,-1.64114,-2.34534,-0.920669,0.487172,-0.552689,-1.49031,0
-0.477016,-0.410879,-0.61241,-1.29139,-0.861238,0.862878,1.35938,0.716619,0.856291,0.234915,-2.09432,-0.77592,0.685494,-0.63342,-1.15524,-1.7195,-0.869234,0.651971,-0.725125,-1.23237,-2.53481,-0.856971,0.631941,-0.650931,-1.00211,0
-1.08695,0.308549,-1.28389,-1.53636,-1.30414,1.01639,1.50894,1.40568,1.25417,0.419865,-1.92134,-1.00254,0.599546,-0.660946,-1.47937,-1.31252,-1.09637,0.640296,-0.769443,-1.73186,-2.19086,-1.03843,0.679877,-0.689192,-1.56702,0
-1.25543,-1.07092,-0.985608,-0.479305,0.416726,1.09177,1.1626,0.168607,-0.0697058,-0.764566,-1.68983,-0.770852,0.75612,-0.618477,-1.03668,-1.32991,-0.871053,0.822667,-0.725275,-1.25171,-1.90393,-0.896041,0.75627,-0.671021,-1.08763,0
-0.743636,-0.57198,-0.501894,-0.810033,-0.294506,0.886866,1.07605,0.432308,0.219193,-0.0992214,-1.44874,-0.7344,0.687593,-0.63336,-0.977741,-1.07828,-0.922258,0.702716,-0.753451,-1.25477,-1.79784,-0.924527,0.702766,-0.681606,-1.13417,0
-0.177533,-1.21442,0.545263,1.97507,1.47262,-1.47262,-1.20133,-0.708023,-0.697188,-0.701647,-0.0935742,0.135614,0.0537537,-0.192516,0.666134,-0.493878,0.341143,-0.0443384,-0.073454,0.805286,-0.295055,0.202711,0.0565024,-0.16233,0.710332,2
-1.60137,-1.3538,-1.48602,-0.991364,-0.177403,1.19851,1.42096,1.0848,1.13285,-0.860549,2.28919,-1.0341,0.501604,-0.622625,-1.78378,2.12123,-0.973243,0.480305,-0.693051,-1.08674,2.06757,-0.995533,0.581116,-0.649002,-1.54475,2
-0.843507,-1.79139,0.962429,2.15751,1.34667,-0.651441,-1.01349,-0.732042,-0.705844,-1.71149,1.2218,0.18382,-0.328669,-0.0187907,0.554419,0.744695,0.399454,-0.438735,0.121101,0.807845,0.855781,0.337235,-0.430109,0.0947338,0.683985,2
0.0211797,-0.847285,0.426251,1.73098,0.815551,-1.57422,-1.29714,-0.338414,-0.371368,0.055233,0.288489,0.168098,-0.266539,-0.0366919,0.589242,0.124419,0.417166,-0.524633,0.12317,0.7557,0.0439286,0.235525,-0.252766,-0.0143528,0.664145,2
-0.907526,-0.479965,-1.00491,-0.113534,1.59778,-0.310198,-0.126498,0.297414,-0.160311,-0.521205,1.58435,-0.715839,0.151636,-0.345041,-0.660876,1.19253,-0.462993,0.0543233,-0.402603,0.0142331,1.13913,-0.604134,0.232206,-0.415057,-0.340703,2
-1.6989,-2.81415,-0.0830294,1.63393,1.84921,0.419745,0.0801107,-1.12189,-0.675819,-2.37877,1.46735,-0.545093,0.16283,-0.430439,-0.243411,0.984508,-0.32658,0.256554,-0.44925,0.303591,1.00571,-0.494318,0.312027,-0.478326,-0.0427392,2
-1.45932,-2.34118,0.329639,1.40625,0.828195,0.0881369,-0.0189108,-0.401274,0.131756,-1.92336,1.07571,-0.351828,-0.187948,-0.220252,-0.20291,1.33721,-0.392678,-0.22545,-0.334956,-0.106198,1.00771,-0.441334,0.00789622,-0.343372,-0.293476,2
-1.73042,-1.6658,-0.639527,0.112735,1.63573,1.37129,0.905187,-0.860988,-0.647683,-2.0526,1.10925,-0.89932,0.522674,-0.636488,-0.873382,1.60335,-0.906216,0.506952,-0.729143,-0.731182,1.30693,-0.904797,0.590471,-0.660676,-0.950265,2
-0.308259,-0.803317,0.465362,0.933662,0.825026,-0.731262,-0.800638,0.172875,-0.0983618,-0.792602,1.16076,0.909705,-1.50609,0.841868,0.67488,0.6741,1.25727,-1.34271,1.04666,0.952114,0.661626,0.842977,-0.993274,0.562405,0.833462,2
0.322082,-0.30676,0.983739,0.892313,0.100731,-0.791532,-0.723446,-0.0890365,-0.248148,-0.0947735,0.57264,0.503194,-0.150556,0.06161,0.843997,0.365191,0.193125,0.229068,-0.0882168,0.682436,0.770193,0.20413,-0.0697857,-0.0682864,0.666833,2
-1.56276,-0.507082,-2.34453,-1.70888,-1.7976,0.560636,1.42806,2.43959,3.85859,-0.352527,2.14319,-0.873412,0.270548,-0.5105,-1.96038,2.25206,0.0455277,-0.146648,-0.380214,-1.2076,1.96093,-0.647133,0.301043,-0.501524,-1.12969,1
0.42915,-0.129876,1.29585,0.930494,-0.186619,-1.08546,-0.414597,-0.117782,-0.302312,0.190437,0.258174,0.220532,-0.350188,0.10267,0.655579,-0.609222,0.929395,-0.613959,0.644555,1.0264,-0.352138,0.831993,-0.781088,0.516997,0.972564,2
-1.60514,-0.260312,-1.94536,-1.43514,-0.153545,0.580036,1.07772,2.15258,1.45499,-0.338484,1.65892,-0.641506,0.20506,-0.474897,-0.793871,0.990325,-0.636968,0.274216,-0.57219,-0.174954,1.20346,-0.69419,0.259093,-0.493578,-0.822068,1
-2.07028,-1.29312,-2.50652,-1.51936,-0.427091,0.87882,1.3234,1.99267,2.90331,-1.01131,1.70597,-0.894722,0.435187,-0.605913,-1.22926,1.84328,-0.217793,-0.0637888,-0.436626,-0.579046,1.39058,-0.664015,0.336495,-0.543984,-0.702356,1
-1.07491,-1.52536,0.675829,1.42772,0.996012,0.220322,-0.18479,-1.09798,-0.461534,-1.82504,0.504433,0.212746,0.159472,-0.206939,0.704415,0.14398,0.00157922,0.544483,-0.307899,0.570461,0.485402,-0.0929345,0.278214,-0.351258,0.476826,2
-0.649452,-1.47585,1.52977,1.48213,0.702706,0.125269,-0.374007,-0.695939,-0.712051,-1.85078,0.12293,0.801468,-0.34637,0.249648,1.01356,-0.304331,0.630271,0.0606902,0.155474,0.949985,-0.0909454,0.606893,-0.170616,0.105648,0.937821,2
-1.80456,-0.756,-2.27185,-1.41449,-0.48985,0.63287,0.557407,1.80926,3.10896,-0.738758,1.88296,-0.606693,0.159872,-0.421034,-0.867925,2.10864,0.229508,-0.517117,-0.128137,-0.830363,1.83206,-0.365191,-0.0465671,-0.317594,-0.762907,1
-1.60674,-0.246069,-1.2122,-0.909744,-0.164509,1.1288,1.6392,1.14831,0.57207,-1.0431,2.19338,-0.914252,0.334916,-0.5506,-1.86933,2.57602,-0.638128,-0.348559,-0.293426,-1.17852,2.20113,-0.728433,0.129067,-0.454997,-1.64669,1
-1.24202,-2.07757,1.07352,1.05474,1.41486,1.0176,-0.0185609,-1.61188,-1.10047,-2.01279,-0.205469,-0.344671,0.635099,-0.46983,0.283431,-0.779388,-0.243131,0.624234,-0.465742,0.473148,-0.0799708,-0.271587,0.652521,-0.483043,0.38746,2
-1.12256,-0.135494,-0.539276,-0.917241,-0.294926,1.42636,1.35699,-0.0546133,0.0802907,-0.404912,0.0741337,-0.666544,0.79591,-0.600406,-0.991454,0.117463,-0.906986,0.762866,-0.740687,-1.37728,0.402783,-0.901619,0.729773,-0.675149,-1.20181,0
1.15582,1.9067,0.708363,-0.970665,-1.3916,0.0853283,0.73529,-0.0459975,-0.444262,1.63274,-0.303731,-0.896921,0.606533,-0.630211,-0.826485,-0.198403,-0.995313,0.623994,-0.747494,-0.926696,0.170037,-0.863737,0.678078,-0.651381,-0.741047,0
-0.178103,0.900379,-0.308029,-0.299913,0.0472669,0.267269,0.152795,0.403382,-0.166838,-0.229857,-0.627313,0.0966928,-0.189237,0.257204,0.546483,-1.00955,0.77554,-0.590391,0.473578,0.63263,-0.805895,0.616448,-0.438965,0.341123,0.708763,2
-0.275735,0.0277265,-0.42819,0.302921,1.76122,-0.827345,-1.44824,0.0573119,-0.283481,-0.175484,-0.195584,0.069716,-0.177663,-0.0843386,0.554879,-0.361253,0.413637,-0.406101,0.136393,0.819439,-0.415566,0.139222,-0.0832092,-0.1013,0.638467,2
0.222491,-0.324981,1.00102,1.13623,-0.26506,-0.618197,-0.706514,-0.683815,-0.333537,0.317555,-0.123789,0.542804,-0.424792,0.261082,0.87972,-0.0455077,0.284581,-0.333127,0.153125,0.721147,-0.114414,0.488921,-0.415556,0.283191,0.834441,2
0.311388,0.61249,-0.462534,0.156393,1.64257,-1.42089,-1.95363,0.293866,-0.261402,0.746335,0.745525,-0.0361322,0.0358125,-0.193435,0.524383,0.362133,0.337485,-0.117443,0.0166319,0.815871,0.472429,0.0894263,0.168398,-0.200102,0.643365,2
0.0998611,0.555328,-0.720977,-0.42824,0.791363,-0.854561,-1.33122,0.718858,0.560226,0.689563,1.10321,0.0564225,-0.452248,0.0785017,0.346431,0.962679,0.61261,-0.850863,0.478416,0.703856,0.974783,0.207069,-0.420334,0.0978122,0.49021,2
0.0236085,-0.0947436,-0.12349,0.372897,1.5602,-0.710402,-1.44694,-0.0988916,-0.402133,-0.159852,0.0973823,0.271477,-0.386321,0.088107,0.672441,-0.0284161,0.664315,-0.774661,0.478726,0.913693,-0.0401403,0.332807,-0.343662,0.110536,0.729413,2
-0.889924,-0.8777,-0.769523,0.0894661,1.94764,-0.235335,-0.914082,0.0660976,0.0229788,-0.873312,-0.0726844,-0.202011,-0.0276664,-0.263541,0.241622,-0.0711851,0.272537,-0.333377,0.0198503,0.615339,-0.10144,-0.119741,0.0214696,-0.268089,0.322552,2
-0.12186,-0.135594,1.06175,0.994633,1.04685,-0.812712,-0.771982,-0.896481,-0.719947,-0.478016,-0.553529,0.234056,0.00662682,-0.0607001,0.704515,-0.793372,0.166888,-0.0607104,-0.0429089,0.667054,-0.594059,0.321743,-0.151266,0.0313148,0.720877,2
0.431639,0.442503,0.157113,0.849983,0.385991,-1.00335,-1.1854,0.257824,-0.134004,0.0176015,0.134094,0.929345,-1.12535,0.721017,0.946827,-0.53184,1.59785,-0.713071,1.2043,1.1557,-0.370219,1.3614,-0.751092,0.760618,1.16729,2
0.825766,1.23553,-0.0439785,-0.954812,-0.364612,0.55086,0.304871,-0.290638,-0.309898,0.689273,0.146488,-0.342812,0.59288,-0.418765,0.149667,0.18434,-0.552869,0.613979,-0.500465,-0.077552,0.515498,-0.46956,0.567392,-0.443153,0.000709535,2
-0.240132,0.0875972,-0.5107,0.0170615,1.58977,-0.780358,-1.20131,0.282582,-0.189577,-0.000129868,0.986407,-0.1218,-0.282931,-0.0804505,0.239463,0.526662,0.124879,-0.491319,0.0473169,0.600126,0.748933,-0.0338934,-0.219992,-0.0829093,0.400654,2
0.658398,0.685434,0.212306,-0.709562,0.696239,0.870224,-0.328069,-1.21733,-0.931664,0.236614,0.24424,-0.308479,0.731442,-0.432198,0.178803,0.135344,-0.5718,0.799119,-0.601955,-0.0757728,0.443163,-0.379734,0.758909,-0.487051,0.132505,0
1.18707,0.57173,0.770973,-0.288179,-0.112545,0.662845,-0.359874,-1.43486,-0.816,0.603585,0.330218,0.0218694,0.659797,-0.351488,0.619547,0.256744,-0.20429,0.786085,-0.484133,0.418625,0.468421,-0.0623595,0.723906,-0.400664,0.543444,2
-0.358405,0.071605,-0.681776,-0.20514,1.15745,-0.664674,-1.02408,0.667133,0.0946737,0.256924,1.16594,-0.288119,-0.30554,-0.0310846,-0.00519725,0.740198,0.0331438,-0.390859,0.0268569,0.540965,0.709383,-0.148837,-0.18414,-0.0779717,0.299253,2
0.375546,0.580126,-0.761917,-0.260792,0.436706,-0.982159,-0.994123,0.640436,0.634299,0.750313,1.26523,0.310518,-0.854881,0.401973,0.46991,1.05804,0.905846,-1.37827,0.89816,0.752342,1.09234,0.452269,-0.777269,0.38845,0.609342,2
1.37315,1.70598,-0.410089,0.172166,-0.0868575,-1.56847,-1.25826,0.621026,0.236564,1.2979,0.668043,1.82078,-2.41585,1.95634,1.12465,0.0189108,2.35589,-2.37681,2.61075,1.24792,0.0566224,2.18689,-2.25389,2.22925,1.30958,2
0.795051,1.26496,-0.389409,-0.159292,0.933663,-1.32275,-1.66379,0.379024,-0.151446,1.21982,1.0096,0.296715,-0.541545,0.258614,0.65436,0.46914,0.659147,-0.605703,0.505173,0.943608,0.642705,0.432298,-0.417516,0.310588,0.799658,2
0.815721,1.13144,-0.354207,-0.0886467,0.95977,-1.40537,-1.49972,0.441384,-0.104019,1.00298,0.602495,1.00736,-1.40218,1.03299,0.974693,-0.40762,1.61523,-1.71634,1.72615,1.22982,-0.222021,1.63742,-2.0155,1.72624,1.21715,2
0.155524,0.341993,-0.620916,-0.423393,0.372018,-0.792092,-0.942918,0.935672,0.63269,0.705365,1.40031,0.0211098,-0.637138,0.208168,0.220112,1.12865,0.582285,-1.15073,0.568262,0.651921,1.07272,0.200392,-0.594399,0.202751,0.456047,2
0.894052,1.50714,-0.523734,-1.16842,-1.76482,0.0932344,0.684075,0.947086,0.400174,1.92673,-0.294106,-0.634599,0.71535,-0.597717,-0.566582,-0.0992514,-0.905407,0.681836,-0.738598,-0.864357,0.290688,-0.849104,0.696059,-0.651141,-0.745985,0
0.862558,2.65105,-0.233246,-0.925807,-1.81532,-0.474558,0.982639,0.785235,0.391248,1.69437,-0.623065,-0.773841,0.750373,-0.609731,-0.904407,-0.390709,-0.975702,0.732071,-0.745405,-1.26569,0.129926,-0.900629,0.728134,-0.666504,-1.03067,0
0.614329,0.727504,0.6743,-0.545333,-1.0552,-0.111335,0.198693,0.190866,0.0772622,1.15661,-0.580356,-0.586783,0.579186,-0.537467,-0.177883,-0.08162,-0.761047,0.567962,-0.667473,-0.333077,-0.149547,-0.693211,0.602295,-0.59113,-0.335766,2
0.943938,0.524523,-0.229118,0.537846,0.321063,-1.53144,-1.45472,0.411848,0.0562125,1.10945,-0.217853,0.650861,-0.358314,0.195265,0.911194,-0.315306,1.28272,-0.970635,0.813272,0.994433,-0.466641,0.91918,-0.533569,0.342652,0.977551,2
0.425872,-0.599996,1.29993,1.53316,0.220212,-1.08564,-0.930325,-0.638897,-0.627822,-0.0110145,-0.484493,0.381893,-0.177393,0.0290859,0.823297,-0.433898,0.439935,-0.454168,0.157513,0.846216,-0.482244,0.459775,-0.294246,0.0816102,0.827445,2
1.16806,0.649722,0.295945,0.726454,-0.170557,-1.55266,-1.2753,0.159592,0.116863,1.08474,0.169687,0.975413,-0.853282,0.646464,1.03905,0.145839,1.24217,-1.34653,1.07048,1.0502,0.0580117,1.09108,-1.01192,0.741547,1.05345,2
0.312277,-0.399284,0.730433,1.04489,0.0355026,-0.764875,-0.775131,-0.445062,-0.0403402,-0.0477765,-0.0790313,0.509101,-0.527662,0.22466,0.79728,0.065398,0.575458,-0.921279,0.381093,0.790923,-0.0199202,0.533399,-0.59193,0.246829,0.779948,2
1.5,1.11146,-0.102,0.749123,0.238063,-1.67676,-1.73054,0.0681866,-0.0457575,1.14274,0.16405,1.25522,-0.766295,0.855441,1.19941,-0.250347,1.71003,-0.883857,1.30614,1.23322,-0.0883267,1.52415,-0.792542,0.946507,1.24947,2
-0.332767,-1.0812,1.13175,0.996212,0.263801,-0.0875371,-0.452998,-0.67448,-0.620626,-0.383142,-0.0869674,-0.42967,0.473238,-0.460854,0.088287,0.0506452,-0.536897,0.479465,-0.554538,-0.00730634,0.403473,-0.44911,0.457656,-0.488621,0.0383711,2
0.324591,0.343692,0.187218,-0.916081,-1.19704,0.130736,0.437196,0.625594,0.59226,1.1033,0.132145,-0.774331,0.654629,-0.602275,-0.616728,0.659647,-0.94011,0.63353,-0.727614,-0.87817,0.779449,-0.859799,0.667393,-0.644714,-0.807125,2
-0.707823,-1.9928,1.51932,1.79868,1.00023,-0.0916051,-0.16431,-1.22042,-0.914742,-1.85523,0.133075,0.0360225,0.0869475,-0.228888,0.589332,-0.116403,0.055173,0.0641285,-0.24443,0.661656,0.0131437,0.134254,0.00164928,-0.185409,0.625404,2
0.576858,-0.0947336,0.700647,1.23525,0.507652,-0.942798,-0.818969,-0.559536,-0.491829,-0.348779,0.352447,0.597987,-0.257384,0.198483,0.943039,-0.114604,0.820268,-0.149717,0.3683,1.06473,0.0271568,0.761867,-0.255975,0.241582,1.01943,2
-1.64601,-1.76029,-0.517037,0.349968,1.66779,1.83798,0.112905,-0.804766,-0.915222,-2.23403,0.559426,-0.873002,0.556048,-0.626233,-0.731861,0.801858,-0.740907,0.382513,-0.658038,-0.44952,0.705035,-0.782267,0.561215,-0.626063,-0.560875,2
-0.378864,-1.27746,1.51416,1.68128,0.682896,-0.0502653,-0.465002,-1.11563,-0.845626,-1.58583,0.261092,0.299943,-0.0656478,-0.0517745,0.778919,-0.00345827,0.272357,-0.0610502,-0.0869774,0.790583,0.0850684,0.360803,-0.10236,-0.0371117,0.792162,2
-1.24708,-1.11728,-0.567382,-0.274975,0.536677,1.49407,0.866506,-0.560376,-0.225849,-1.14488,-0.437846,-0.790903,0.644564,-0.620286,-0.61272,-0.128467,-0.922728,0.617537,-0.740198,-0.67411,-0.0764525,-0.900429,0.670892,-0.668912,-0.812102,2
-0.541035,-0.513898,-0.217314,-0.241172,0.645604,1.09363,0.624334,-0.638587,-0.53075,-0.962979,-0.240232,-0.861628,0.656439,-0.620946,-0.771782,0.0665974,-0.934922,0.670991,-0.73462,-0.689492,0.0995614,-0.894522,0.701077,-0.662366,-0.836071,2
-0.961409,-1.28117,0.566973,1.1972,0.508061,0.153085,0.0677168,-0.687383,-0.356925,-1.33738,0.177933,-0.258743,0.100581,-0.361613,0.194455,0.303292,-0.404942,0.0734739,-0.468341,0.0923049,0.190047,-0.32678,0.132945,-0.389019,0.04062,2
1.7898,1.30915,-0.316675,0.320193,-0.0865676,-1.72969,-1.4678,0.457116,0.253606,1.46224,-0.0337635,1.04547,-0.392238,0.525283,1.15171,-0.481994,1.39809,-0.698978,0.935802,1.13637,-0.491219,1.32174,-0.594609,0.723216,1.212,2
1.94202,1.47094,-0.290848,0.356785,-0.192956,-1.77215,-1.41056,0.425432,-0.0538436,1.79609,-0.00708651,1.1007,-0.365681,0.583864,1.2037,-0.771772,1.56609,-0.24585,1.04749,1.25315,-0.61242,1.50605,-0.354626,0.830633,1.31631,2
0.103869,-0.534358,0.706894,0.519945,-0.676439,-0.0968825,-0.0131636,-0.233926,-0.00780611,0.255515,0.336415,-0.415077,0.356166,-0.451629,0.0603307,0.63259,-0.564843,0.319793,-0.560626,-0.0505652,0.697998,-0.513069,0.364732,-0.494028,-0.114734,2
0.243541,1.34031,-0.746285,-1.12694,-1.70531,0.0241282,1.18022,0.988646,0.850733,1.42051,-0.226969,-0.662156,0.690882,-0.599646,-0.783236,0.333637,-0.949235,0.662226,-0.743676,-1.09159,0.447371,-0.927056,0.647793,-0.656788,-1.06105,0
-0.0639387,1.1709,-0.354097,-0.859779,-1.42546,0.190117,0.961349,1.12189,0.297384,1.08445,0.0435087,-0.704195,0.732172,-0.615019,-0.896741,0.627913,-0.945977,0.710222,-0.749153,-1.21677,0.720847,-0.937871,0.692521,-0.675469,-1.05741,0
-1.88178,-1.37664,-1.42475,-1.01492,-0.547152,1.91962,2.55038,0.604294,0.360044,-0.85774,-0.250577,-0.745055,0.705954,-0.626783,-1.22777,0.093954,-1.00391,0.680876,-0.760248,-1.63268,0.240642,-1.00104,0.683645,-0.685864,-1.41917,0
-0.71412,0.404842,-0.38887,-1.09042,-1.10938,-0.00462769,1.30171,1.20939,1.02344,0.642276,-1.64124,-1.07746,0.602905,-0.660896,-1.87343,-1.04841,-1.15932,0.636398,-0.769713,-2.26212,-0.910194,-1.09421,0.675299,-0.690702,-2.15656,0
-0.554479,-0.499205,-0.0324241,-0.516717,0.790203,1.6091,0.310358,-0.970625,-0.885566,-0.739398,-2.38457,-0.921379,0.63385,-0.645764,-0.925387,-1.91827,-1.03919,0.658278,-0.757299,-1.18626,-2.70702,-0.921859,0.708463,-0.672091,-0.934203,0
-0.392608,-0.623095,0.0605903,-0.720187,0.383612,1.34005,0.931754,-0.553579,-0.554428,-0.672731,-2.08065,-0.865126,0.657508,-0.642715,-0.833702,-1.62574,-1.0092,0.67384,-0.758109,-1.05877,-2.39932,-0.926796,0.711782,-0.677098,-0.950535,0
-0.296445,-0.0229187,-0.373057,-0.799328,0.234395,1.66871,1.06648,-1.21611,-0.533868,-0.51114,-2.14046,-0.906026,0.658817,-0.642955,-0.9593,-1.72544,-1.02719,0.676539,-0.7558,-1.18694,-2.47186,-0.931614,0.720887,-0.67366,-1.01074,0
0.540096,0.394967,0.397655,-0.640496,-0.257054,0.520795,0.81761,-0.624184,-0.574069,0.393178,-1.752,-0.710342,0.537977,-0.578127,-0.316695,-1.55352,-0.830903,0.548231,-0.691082,-0.447991,-2.08588,-0.729033,0.611051,-0.606223,-0.392948,0
-1.30792,-1.76169,-0.801738,-0.131826,1.33837,1.68116,0.666364,-1.00519,-0.636818,-1.4686,-1.38622,-0.866646,0.579226,-0.642505,-0.65394,-1.10852,-0.949025,0.614049,-0.748593,-0.696499,-1.55053,-0.914972,0.658228,-0.672681,-0.83783,0
-1.01129,-1.56602,-0.779888,-0.678668,1.03546,1.64062,0.79735,-0.454148,-0.300293,-1.20774,-1.26665,-0.750283,0.662706,-0.627553,-0.679687,-0.876621,-0.977861,0.657868,-0.754261,-1.00387,-1.49414,-0.914303,0.6938,-0.675749,-0.917771,0
-0.53196,0.397685,-0.668333,-1.11864,-0.0167918,1.48509,0.89825,0.0308648,-0.302692,-0.219612,-1.47906,-0.860908,0.675609,-0.638497,-0.946896,-1.0778,-1.01005,0.678827,-0.75637,-1.18095,-1.63867,-0.943168,0.711622,-0.676699,-1.0712,0
-0.825536,-0.320163,-0.609552,-1.14225,-0.303431,1.5232,1.40947,0.0847285,0.308359,-0.57201,-1.29087,-0.913513,0.655049,-0.650222,-1.25027,-0.915972,-1.05331,0.67442,-0.764426,-1.602,-1.52871,-1.00677,0.703086,-0.686324,-1.45045,0
-0.748514,-0.730932,-0.121451,-0.740118,0.832193,2.12639,0.672271,-1.49577,-0.907346,-0.881269,-1.466,-0.885526,0.677388,-0.635729,-0.917171,-1.14552,-0.994993,0.686943,-0.748554,-1.06439,-1.73917,-0.909815,0.721827,-0.669822,-0.922349,0
-0.557647,-0.395746,-0.627473,-0.497816,1.4388,1.37358,0.099921,-1.12634,-0.872912,-0.843817,-1.57687,-0.722986,0.704625,-0.600956,-0.521165,-1.30231,-0.893702,0.681336,-0.723126,-0.764196,-1.9773,-0.789604,0.722167,-0.640756,-0.599157,0
-0.744106,-0.445262,-0.622225,-0.697908,0.269848,1.80903,0.923458,-0.691631,-0.498756,-0.648622,-1.5401,-0.978011,0.607063,-0.649692,-1.20328,-1.18799,-1.05777,0.627912,-0.756809,-1.33805,-1.90911,-0.981989,0.675559,-0.677128,-1.25151,0
-1.52396,-1.57241,-1.00257,-1.06729,0.323102,1.98888,1.26765,0.10128,0.361563,-1.17333,-1.38637,-0.860449,0.665694,-0.647063,-1.24418,-1.11343,-1.0217,0.672571,-0.763776,-1.48993,-1.8144,-0.993904,0.698828,-0.687733,-1.45534,0
-1.75738,-2.58002,-1.42077,-0.446361,2.80593,2.33802,-0.0738539,-1.02713,-0.974653,-2.18726,-1.62546,-0.901898,0.640306,-0.637288,-0.889704,-1.75728,-0.886296,0.59268,-0.728763,-0.686304,-2.13157,-0.850204,0.667004,-0.661876,-0.681436,0
-1.41581,-1.80637,-0.957961,-0.649322,0.648403,2.06083,1.5399,-0.484933,-0.198543,-1.53362,-1.40194,-0.833602,0.677668,-0.642016,-1.04629,-1.04829,-1.0093,0.675839,-0.761037,-1.23776,-1.64861,-0.968606,0.702686,-0.684815,-1.23468,0
-0.671641,-0.188338,-0.751322,-0.834591,-1.00187,1.17425,2.16287,0.85841,-0.104169,-0.139841,-1.92708,-1.07589,0.614349,-0.661586,-1.96467,-1.71007,-1.13415,0.655099,-0.768544,-2.05207,-2.28529,-1.06553,0.697938,-0.688163,-1.9337,0
-0.40898,-0.0838389,-0.547042,-0.664874,-0.0713451,0.345541,0.575038,0.771192,0.139032,0.0605604,-1.86256,-0.85733,0.692361,-0.63349,-0.992214,-1.40284,-0.976062,0.7343,-0.746395,-1.24367,-2.14738,-0.951884,0.723216,-0.678018,-1.19508,0
-1.65957,-1.85619,-1.32962,-0.972813,0.162411,2.3354,1.82107,0.176494,0.250577,-1.49986,-1.72271,-0.934502,0.670652,-0.647303,-1.40161,-1.39379,-1.04475,0.687173,-0.761787,-1.52839,-1.93492,-1.02429,0.702406,-0.688043,-1.62416,0
-2.32417,-1.58316,-1.81019,-1.11555,1.03813,2.16291,1.3526,0.370998,0.336375,-1.75697,-1.73182,-0.926096,0.635299,-0.6538,-1.26641,-1.40764,-1.06055,0.646004,-0.766725,-1.41298,-2.19397,-1.0244,0.682546,-0.688973,-1.46629,0
-0.791672,-1.91529,0.134754,0.545433,0.173135,0.278824,0.960949,-0.157063,-0.0507651,-1.00676,-0.290778,-0.997062,0.540645,-0.651381,-1.31539,0.399025,-1.04728,0.567712,-0.75566,-1.29127,-0.722586,-0.991605,0.623515,-0.678488,-1.35026,2
-0.810503,-1.07713,0.555298,0.638837,0.112745,-0.133874,0.984398,-0.500265,-0.403362,-0.509441,-0.40794,-0.975502,0.544483,-0.651221,-1.1612,0.209657,-1.02531,0.585883,-0.757379,-1.06689,-0.792442,-0.967776,0.636139,-0.678947,-1.12632,2
-2.19118,-2.81223,-0.846066,0.325211,1.42774,1.14741,1.17727,0.161001,-0.342392,-2.18451,-0.547482,-1.00438,0.546412,-0.655299,-1.39589,0.000199941,-0.985208,0.529391,-0.748494,-1.19119,-0.993913,-0.989006,0.628772,-0.682126,-1.37666,2
-2.06499,-2.34934,-1.41561,-0.390919,-0.365611,0.854791,2.54471,1.14507,1.16162,-1.39415,-0.862258,-1.1188,0.578547,-0.664694,-2.38516,-0.109087,-1.1499,0.597697,-0.766045,-2.39505,-1.38887,-1.10179,0.660937,-0.690852,-2.33684,2
-1.71211,-0.59147,-2.30288,-1.74634,-1.85728,0.912673,1.97661,2.58945,3.27528,-0.453778,1.48016,-0.93871,0.439375,-0.59221,-1.34096,1.95083,-0.849354,0.263531,-0.550221,-0.984878,1.54388,-0.889735,0.380694,-0.537417,-1.4329,1
-1.55505,-0.384032,-2.37688,-1.79551,-1.52918,0.778249,1.38905,2.44517,3.20168,-0.174255,2.14586,-0.882978,0.322392,-0.522674,-1.66557,2.50266,-0.786185,0.181051,-0.496817,-1.06171,2.19009,-0.848585,0.32758,-0.50996,-1.40452,1
-2.05792,-1.07097,-2.70033,-1.74796,-1.00433,1.10074,1.14066,1.72594,3.93823,-0.974333,2.07227,-0.98009,0.500985,-0.639707,-1.86816,3.0338,-0.756729,0.097752,-0.560526,-1.75549,2.21625,-0.881419,0.440245,-0.605943,-1.8174,1
0.491869,0.233985,1.1103,1.06104,-0.565843,-1.36722,-0.827085,0.336075,0.269158,0.278524,0.186019,1.71109,-3.08021,2.40946,0.974013,0.385881,1.4625,-3.18819,2.24573,0.903628,0.144699,1.47018,-2.70959,2.02527,0.973683,2
0.168597,-0.214085,0.780848,1.14455,-0.272617,-0.951674,-0.736929,0.243531,0.289098,-0.335556,-0.679138,1.35563,-1.76857,1.24956,1.01519,-0.706574,1.36478,-1.71773,1.35949,1.00617,-0.882378,1.19391,-1.53307,1.08678,1.00556,2
-1.36725,-0.0383612,-2.26811,-1.5716,-0.669772,0.403013,1.14896,1.99143,2.35626,-0.12193,1.15396,-0.835721,0.328109,-0.541515,-1.42931,1.71995,-0.785236,0.0965326,-0.522424,-0.95904,1.07742,-0.819159,0.34822,-0.547252,-1.41238,1
0.905427,1.45436,0.0768124,-0.0517048,-0.684115,-0.759268,-0.401563,0.0523543,-0.296685,1.67711,0.458136,-0.174814,-0.0984817,-0.172835,0.167708,0.351638,-0.497536,0.0869173,-0.456217,-0.0987616,0.51032,-0.256494,0.043109,-0.266569,0.100271,2
-2.19379,-1.39382,-2.78592,-1.96355,-2.27396,1.49253,2.47731,2.64251,4.23829,-0.999261,1.74786,-1.05065,0.53117,-0.638887,-1.84503,1.77567,-1.01311,0.607113,-0.729713,-1.51535,1.45664,-1.0348,0.617068,-0.663075,-1.77161,1
-1.66273,-0.410819,-2.36038,-1.68518,-1.12277,0.767634,1.25871,2.0506,3.09691,-0.410709,2.2452,-0.909195,0.415726,-0.605883,-1.71446,1.81274,-0.667693,0.247359,-0.596158,-0.588482,1.87948,-0.81637,0.438985,-0.605204,-1.1804,1
-1.50678,-0.357375,-2.13362,-1.66841,-1.42071,0.687533,1.47066,2.38508,2.87753,-0.228918,2.01947,-0.963778,0.44952,-0.606953,-1.62589,2.43242,-0.81782,0.364301,-0.63375,-0.842088,1.95596,-0.900889,0.449,-0.59176,-1.37226,1
-0.0726244,0.646244,-0.526432,-1.042,-0.597368,-0.118352,0.903278,1.1186,0.722836,0.430989,-0.141661,-0.688183,0.432158,-0.545183,-0.576687,0.271737,-0.7562,0.28668,-0.573989,-0.608792,0.145599,-0.75658,0.393757,-0.540985,-0.717799,0
-0.368769,-0.0414896,-0.574569,-1.21467,-0.967207,0.757909,0.915242,0.683385,0.689672,0.742587,0.676699,-0.876821,0.657468,-0.639607,-1.27584,0.91907,-0.966037,0.721517,-0.748544,-1.54296,1.11021,-0.957931,0.697199,-0.676539,-1.30595,0
-1.2282,-1.09693,-1.26172,-0.946716,-0.544613,1.767,1.12184,0.129347,0.972684,-0.540166,0.402273,-0.966237,0.636179,-0.65261,-1.33879,0.526842,-1.06467,0.671841,-0.763126,-1.53524,0.610541,-1.0211,0.693591,-0.685664,-1.45727,0
-0.419724,-0.456017,-0.717209,0.295595,0.332407,-0.779798,-0.61366,0.98101,1.00684,-0.360953,0.207329,0.105269,-0.429879,-0.0465571,0.26652,0.452768,0.886696,-1.88305,0.955043,0.614189,0.128617,0.393138,-0.826755,0.24479,0.399404,2
-0.293156,0.104929,-0.788674,0.0679166,0.610321,-0.788534,-0.974433,0.729633,0.676089,0.131556,0.700357,0.113874,-0.368559,-0.0100249,0.445012,0.657368,0.896311,-1.3497,0.828415,0.770573,0.604334,0.353587,-0.629292,0.215175,0.594479,2
0.24438,0.267379,-0.647223,0.0656077,0.225849,-0.983468,-0.865266,0.906336,0.720417,0.356476,0.461364,0.471599,-0.991404,0.446182,0.536967,0.67512,1.20194,-2.27982,1.46177,0.720088,0.464693,0.692461,-1.30259,0.681407,0.627023,2
0.622655,0.75548,-0.768844,0.00270857,0.228388,-1.25164,-1.25272,0.931074,0.718898,0.805856,0.831443,0.927456,-1.47489,0.938341,0.75664,0.854222,1.57981,-2.66193,2.01824,0.896311,0.844677,1.05866,-1.77995,1.21446,0.802937,2
0.312637,0.478995,0.502364,0.633699,0.34662,-0.872613,-1.26283,-0.14246,-0.40886,0.616109,0.716079,0.217394,-0.668832,0.448411,0.555548,0.573749,0.465042,-0.905447,0.570631,0.79764,0.908315,0.387211,-0.702006,0.45052,0.674919,2
0.929935,1.08641,-0.282412,0.263381,0.685934,-1.21292,-1.38523,0.425292,-0.148157,0.57169,0.276815,0.979401,-1.09169,0.827695,1.02074,-0.0952933,1.35371,-1.4629,1.32176,1.14156,0.161061,1.09599,-1.27692,0.990885,1.05789,2
1.12907,0.0475268,1.01593,0.743036,-0.697169,-0.889394,-0.69526,-0.278314,-0.426541,1.19466,0.30631,0.210427,-0.156024,0.108837,0.625044,0.398245,-0.0687863,-0.263211,0.0455178,0.413398,0.656099,0.189697,-0.426081,0.264441,0.541915,2
0.955032,0.742886,-0.398255,0.134924,-0.000359824,-1.13628,-1.19841,0.615768,0.511779,0.835121,0.803747,1.04396,-1.37677,0.908875,0.83741,0.53026,1.73773,-2.25489,1.86841,0.993374,0.591221,1.26121,-1.61151,1.17149,0.941099,2
1.96641,1.27295,-0.16389,0.303231,-0.311438,-1.94427,-1.55599,0.688723,0.268279,1.84819,0.736819,1.25941,-1.53313,1.15898,1.03282,0.215595,1.92699,-2.63097,2.25785,1.19222,0.315326,1.76444,-2.22365,1.81726,1.16944,2
0.997722,1.02581,-0.242601,0.30597,0.541095,-1.29339,-1.42964,0.289778,-0.114674,0.864617,0.533979,0.539756,-0.743316,0.360704,0.762917,0.114884,1.21066,-1.73122,1.19358,1.00077,0.159822,0.933443,-1.22754,0.797909,0.932933,2
1.14365,0.51039,0.736619,0.765535,-0.437976,-1.39074,-0.844007,0.0812602,0.0268669,0.833252,0.422753,0.882468,-1.18272,0.780168,0.92044,0.212356,1.04515,-1.80375,1.22326,0.95946,0.170097,1.06774,-1.54108,1.09161,0.982709,2
1.31385,1.2461,-0.734301,-0.22549,0.0112745,-1.50637,-1.42987,0.712281,0.631981,1.64445,0.993364,0.650372,-0.963198,0.540835,0.710153,0.630491,1.5294,-2.12981,1.65529,0.938681,0.652371,1.07523,-1.47804,1.05106,0.891993,2
0.3274,0.569651,-0.864337,-0.0849585,0.483293,-1.27226,-1.25449,0.908725,0.844716,0.699508,0.89884,0.221652,-0.474348,0.0609703,0.461344,0.850684,1.06294,-1.67138,1.04426,0.719238,0.763846,0.498636,-0.81702,0.359864,0.598787,2
0.998081,1.02066,-0.785735,-0.292757,0.0178213,-1.34917,-1.33405,0.968356,0.803067,1.35397,1.09952,0.865276,-1.42815,0.863607,0.656209,1.11743,1.63759,-2.93858,2.20447,0.799339,1.04622,1.06024,-1.87,1.27442,0.717968,2
0.769903,0.687663,-0.0655879,-1.01788,-0.580396,0.534119,0.988546,-0.480075,-0.207688,0.822128,0.126308,-0.814421,0.601416,-0.618707,-0.597477,0.604464,-0.933253,0.574948,-0.719888,-0.809074,0.709313,-0.843917,0.651291,-0.638477,-0.744725,0
0.61203,-0.422883,1.35668,1.18002,-0.410109,-0.991934,-0.872783,-0.517307,-0.527362,0.855551,0.494808,0.718638,-0.791642,0.604064,0.862938,0.463083,0.456317,-0.968616,0.524743,0.722596,0.638288,0.699678,-0.961509,0.670562,0.788164,2
0.0321643,-0.0377215,-0.140791,-0.777479,-0.984018,0.746455,1.39328,0.375006,0.0398805,0.314106,-0.260772,-0.873932,0.206669,-0.397065,-1.53565,0.209058,-0.89941,-0.0330339,-0.311158,-1.53269,0.417346,-0.784636,0.0034384,-0.181991,-1.43438,0
0.813892,1.3148,-0.783207,-1.17605,-0.553329,0.0869175,0.772462,0.524553,0.263251,0.814931,-0.00862576,-0.626243,0.663035,-0.604854,-0.398815,0.643985,-0.83819,0.721686,-0.724525,-0.646913,0.502524,-0.830573,0.672581,-0.655859,-0.59238,0
0.435447,0.532889,0.00287858,-1.12141,-0.867285,0.649242,1.52027,-0.032814,-0.351998,0.871643,-1.12977,-0.957321,0.615968,-0.648103,-1.02794,-0.482054,-1.02806,0.638267,-0.75551,-1.0606,-0.459945,-0.957381,0.691292,-0.675799,-1.05526,0
0.40868,0.399704,-0.0331338,0.263461,-0.340753,-0.73565,-0.355126,0.418625,0.341153,0.422203,-0.358425,0.464773,0.232886,-0.0740536,0.886796,-0.85755,0.879749,0.553259,0.324971,0.942039,-0.604764,0.584574,0.252367,-0.000939403,0.914662,2
0.417416,0.0927746,0.216984,0.705124,0.00351828,-0.573959,-0.201881,-0.383682,-0.199062,0.0219893,-0.699468,0.642626,0.276375,-0.0149525,0.936812,-1.16586,1.04979,0.577487,0.431559,1.02044,-0.913923,0.769573,0.239013,0.0899761,0.989625,2
-0.514208,-1.72727,1.81447,2.03039,0.331987,-0.704375,-0.383752,-0.760238,-0.848035,-0.973743,-0.655839,-0.234475,0.404382,-0.442093,0.398025,-0.849754,-0.295425,0.582595,-0.493388,0.401923,-0.675369,-0.210007,0.459945,-0.446791,0.420854,2
-0.578157,-1.57561,0.880759,1.45162,0.690652,0.178753,-0.0335336,-1.34514,-0.854761,-1.20224,-0.0495857,-0.304041,0.242621,-0.395676,0.230577,-0.0762226,-0.227329,0.304161,-0.420824,0.432268,-0.0384211,-0.227928,0.321932,-0.392118,0.336425,2
0.888225,0.712891,-0.389309,0.108447,-0.560756,-1.31523,-0.567712,0.717509,0.573629,1.32406,0.0629692,0.707434,-0.389019,0.218613,0.903758,-0.139502,1.12109,-0.867465,0.647853,0.906007,-0.155554,0.862298,-0.543534,0.337475,0.955822,2
1.52783,1.04659,0.158083,0.309478,-0.320443,-1.46995,-0.894632,0.223351,-0.132435,1.52382,0.026657,0.692871,0.126098,0.116493,1.05447,-0.748803,0.764166,0.439904,0.296915,1.02805,-0.34765,0.746984,0.192596,0.178883,1.06481,2
1.45078,1.56887,-0.145579,0.0755029,-0.34818,-1.4454,-0.746874,0.536477,0.0769224,1.3562,0.472479,1.10496,-0.966707,0.716999,1.00784,0.110626,1.35438,-1.13193,0.911854,1.00302,0.16382,1.24338,-0.990115,0.79613,1.05744,2
1.00922,0.664715,-0.104919,0.291997,-0.240662,-1.12988,-0.377635,0.495527,0.0390409,0.766525,0.316085,0.641576,-0.335146,0.147578,0.875971,-0.124089,0.861668,-0.380834,0.307629,0.894782,-0.0473967,0.754171,-0.352257,0.209228,0.940959,2
0.822637,0.631711,0.0819899,0.365141,-0.275535,-0.698298,-0.300893,0.0157223,-0.0209197,0.426651,-0.0253176,0.61252,0.283551,0.0771324,1.00139,-0.992684,0.526452,0.580066,0.118692,0.907026,-0.459675,0.604724,0.294516,0.110096,0.961969,2
0.911824,0.69445,0.0187208,0.461154,-0.248798,-1.05959,-0.460045,0.299373,-0.00567715,0.631911,0.379794,0.655989,-0.216634,0.113694,0.912953,0.0125539,1.05292,-0.438745,0.415237,0.936732,0.207718,0.834552,-0.303072,0.195604,0.934862,2
0.742337,0.0125239,1.21678,-0.349489,0.115284,0.555818,-0.140011,-1.21972,-0.866725,0.376086,0.172556,-0.328719,0.759218,-0.496207,0.240273,0.250867,-0.503563,0.902418,-0.601655,0.0329739,0.618477,-0.46953,0.770893,-0.57073,0.0990114,2
-1.31579,-1.5067,-1.4182,-0.727814,0.489171,0.486382,1.05371,1.37368,0.348509,-0.396896,1.33472,-0.95962,0.596068,-0.644514,-1.08738,0.692931,-0.374377,0.643975,-0.622235,-0.236484,0.981,-0.645844,0.651611,-0.621586,-0.336575,2
0.926636,0.026657,0.780158,1.33213,-0.0157523,-1.39813,-1.03983,-0.586803,-0.457056,0.747624,0.288389,0.597727,-0.00461767,0.0444184,0.965677,0.0793712,0.566663,0.0797409,0.104759,0.94064,0.407471,0.595668,-0.0275364,0.0433589,0.930194,2
0.986217,0.834901,-0.149757,0.298384,-0.558167,-1.32874,-0.524233,0.412308,0.298754,1.29913,0.417486,0.791433,-0.438775,0.26559,0.954803,0.26598,1.25244,-1.01952,0.789164,0.969196,0.358535,0.995083,-0.69522,0.448241,0.969465,2
0.901409,0.880189,-0.385511,0.123699,-0.451689,-1.23434,-0.624814,0.760478,0.580536,0.992384,0.684685,0.804336,-0.457896,0.30729,0.888375,0.301133,1.32996,-0.623745,0.795231,0.943268,0.499965,1.00026,-0.570311,0.426631,0.953753,2
1.76008,0.811033,0.0803507,0.661506,-0.34814,-1.47168,-0.821818,-0.121181,-0.375466,1.53389,0.201331,0.844597,0.0267969,0.192006,1.08158,-0.5316,0.783276,0.519575,0.311298,1.06898,-0.0387609,0.908335,0.191806,0.293167,1.09362,2
0.83778,1.39013,0.40894,-0.69358,-1.86191,-0.442193,1.14114,0.968626,0.262182,1.40957,0.180901,-0.749863,0.630471,-0.6324,-0.5314,0.67332,-0.973084,0.63369,-0.757879,-0.905027,0.815131,-0.910714,0.669782,-0.67399,-0.860679,0
1.43055,0.941759,-0.0425592,0.403142,-0.319404,-1.29147,-0.811073,0.236404,-0.0540734,1.2059,0.533829,1.16778,-0.559796,0.637678,1.11558,-0.147658,1.41528,-0.427651,0.911844,1.17576,0.152016,1.3472,-0.584434,0.794581,1.19587,2
1.50813,0.854322,0.596928,0.617927,-0.644574,-1.58157,-0.943638,0.0789813,-0.063219,1.56193,0.555688,0.859879,-0.409609,0.301533,1.01329,0.338194,0.930954,-0.434627,0.463213,1.01211,0.478916,0.869514,-0.430639,0.334946,1.00475,2
1.76772,0.743236,0.560106,0.879929,-0.432428,-1.74559,-1.03679,-0.288289,-0.279023,1.58867,0.295655,0.94018,-0.218473,0.329019,1.10015,-0.299773,0.96015,0.120431,0.454807,1.13403,0.0801608,1.07753,-0.126788,0.458965,1.15225,2
1.66203,0.994663,0.0438985,0.539945,-0.308849,-1.36713,-0.882658,-0.0629992,-0.150076,1.27245,-0.106428,1.1789,0.147848,0.451829,1.24456,-0.952324,1.30949,0.638507,0.783916,1.21266,-0.553199,1.31592,0.26525,0.61334,1.27583,2
0.663125,1.62084,0.643505,-1.00735,-1.98511,-0.607952,0.845446,1.09148,0.504453,1.9488,-0.668023,-0.854961,0.658837,-0.642016,-0.949015,-0.0397505,-1.02422,0.666164,-0.761377,-1.20492,-0.0364221,-0.976592,0.685894,-0.682286,-1.16734,0
0.87928,1.66496,0.0789414,-1.29736,-1.57277,-0.0513448,1.28081,0.412948,0.069546,1.83765,-0.810283,-0.67465,0.777589,-0.596818,-0.649332,-0.0969125,-0.879659,0.791752,-0.723816,-0.91905,-0.214365,-0.874392,0.758579,-0.662176,-0.903448,0
1.01824,1.4505,0.119002,-1.08631,-0.94031,-0.550111,0.91947,0.304381,0.194075,1.48098,-0.171256,-0.230457,0.809564,-0.512319,-0.00731621,0.688073,-0.526522,0.887845,-0.649362,-0.329469,0.473668,-0.650182,0.760518,-0.631361,-0.320863,0
1.34814,1.78385,0.0792712,-0.781547,-1.38376,-0.379214,0.030525,0.907306,0.0166519,1.76115,-0.144479,-0.267209,1.04428,-0.450619,-0.178283,0.570751,-0.594409,1.0123,-0.627113,-0.463793,0.647403,-0.67459,0.825236,-0.610061,-0.425672,0
-0.406671,-0.670242,0.770043,1.15577,0.885916,-0.292567,-0.718588,-0.977082,-0.585993,-0.799858,-0.993764,0.441394,0.012484,0.00905571,0.903528,-0.768354,0.30562,-0.0524644,-0.0199402,0.81766,-0.805626,0.36727,-0.0460674,-0.00456763,0.840238,2
0.416896,0.227499,0.709753,0.841887,0.432448,-0.539266,-1.02439,-0.728403,-0.479495,-0.0405701,-0.414337,1.10966,-0.439974,0.647593,1.22251,-0.385491,1.00981,-0.559626,0.73509,1.12703,-0.300293,1.04758,-0.628542,0.672941,1.16019,2
-0.0899659,0.42849,-0.338264,-0.246919,2.14762,-0.0106148,-1.71789,-0.234095,-0.521515,-0.630481,-0.916901,0.276755,0.103659,-0.0644283,0.713941,-0.501494,0.472549,-0.365791,0.171816,0.754211,-0.663985,0.322952,-0.181531,0.0257775,0.730892,2
0.91915,0.42987,0.507931,0.792911,0.575878,-0.73425,-1.46793,-0.770863,-0.553659,0.361983,-0.5715,1.12923,-0.134734,0.548931,1.24303,-0.631471,1.15155,-0.164849,0.663595,1.17606,-0.61367,1.18624,-0.26538,0.621326,1.25105,2
0.144549,-0.205919,0.804626,1.09982,0.497097,-0.399274,-1.01015,-0.884897,-0.523504,-0.334856,-0.75585,0.778339,-0.152065,0.311768,1.09433,-0.587512,0.670602,-0.238813,0.348809,1.00749,-0.605933,0.730383,-0.297234,0.351338,1.04811,2
-0.165249,-1.0736,0.81823,1.03765,0.745155,-0.193165,-0.835391,-0.814871,-0.421344,-0.720907,-1.15716,0.450809,-0.0749432,0.0149928,0.872543,-0.983269,0.382503,-0.118302,0.0262372,0.81834,-1.00724,0.402073,-0.105568,0.00746648,0.832112,2
-0.083729,0.470839,0.239953,0.360853,1.24215,-0.0610201,-1.14326,-0.75646,-0.706614,-0.403862,-0.929905,0.311248,0.244071,-0.0572518,0.824607,-1.11487,0.522374,0.284141,0.149147,0.944038,-0.996542,0.492829,0.147638,0.0892864,0.914482,2
-0.10203,-0.30627,0.454158,0.369299,1.77886,0.283631,-1.48566,-1.15537,-0.911933,-0.740448,-0.441894,0.675869,0.151586,0.14427,1.0188,-0.159532,0.649212,-0.380594,0.337835,0.912333,-0.257844,0.605024,-0.209008,0.176104,0.938051,2
0.187418,1.01811,0.504033,0.603314,1.16342,-0.624784,-1.55733,-0.445032,-0.609751,-0.342053,-0.840499,0.788154,0.00417802,0.246699,1.0744,-0.782987,0.870764,-0.187868,0.38831,1.0357,-0.917371,0.821288,-0.157123,0.275825,1.07805,2
0.581076,0.430329,0.109376,-0.998691,0.993424,1.70935,-0.459995,-1.35842,-1.02887,-0.375476,-1.89297,-0.198103,0.809324,-0.417286,0.311927,-1.44735,-0.340443,0.692581,-0.477696,0.166159,-1.49552,-0.311128,0.711602,-0.47047,0.20427,2
-0.0062769,0.766395,-0.938241,-1.17541,-1.78759,0.488441,1.83319,1.3222,0.974013,0.625474,-1.53877,-0.985417,0.581585,-0.641446,-1.53313,-0.746405,-1.09614,0.623245,-0.759848,-1.76853,-0.984668,-1.02722,0.642066,-0.672641,-1.62048,0
0.77715,1.11163,0.480855,-0.814361,-0.677738,0.418535,0.406611,-0.292607,-0.309238,0.786715,-0.717339,-0.36734,0.567332,-0.416566,0.16347,-0.00369815,-0.660127,0.540065,-0.601206,-0.0947235,-0.148577,-0.500085,0.527612,-0.46863,0.00268857,2
0.723366,1.02276,0.0431289,-1.16301,-1.25152,0.237574,1.68834,0.751092,-0.0781517,0.81739,-1.2627,-1.04195,0.55146,-0.624834,-1.63848,-0.546662,-1.1117,0.596598,-0.741717,-1.75834,-0.546502,-1.02313,0.624194,-0.638747,-1.59741,0
1.05155,0.466941,0.687783,0.575768,0.332567,-0.811173,-1.42323,-0.648982,-0.486312,0.75669,-0.32647,0.982729,-0.227578,0.500035,1.18246,-0.336965,1.0832,-0.3883,0.709303,1.15116,-0.295675,1.11374,-0.512599,0.698638,1.20427,2
0.146898,0.0404402,0.769024,0.269038,1.18802,0.0319344,-1.04461,-1.04878,-0.749663,-0.414567,-0.247199,0.478406,0.24616,0.0750534,0.864157,0.196524,0.269898,0.268588,-0.00311842,0.688003,0.195504,0.349269,0.088107,0.0650583,0.77493,2
0.417636,0.133665,1.14342,0.454517,0.167628,-0.106798,-0.442164,-0.845046,-0.595498,-0.133924,-0.146988,0.247719,0.361383,-0.0963827,0.781408,0.336815,-0.162181,0.391148,-0.340613,0.513089,0.419075,0.0350729,0.339044,-0.215165,0.607672,2
0.826006,1.0425,0.962379,-0.650991,-0.509411,0.581815,0.369649,-0.897711,-0.661686,0.603055,-0.336605,-0.260852,0.623705,-0.340683,0.289648,0.417796,-0.528451,0.615968,-0.545243,0.126208,0.423073,-0.366661,0.564174,-0.359164,0.202031,2
0.193545,0.454707,0.0205599,-0.729783,-0.934263,0.549971,0.969245,-0.167688,0.0708953,0.682536,-0.194095,-0.639357,0.559716,-0.555068,-0.313087,0.538177,-0.912073,0.570421,-0.707773,-0.746644,0.573619,-0.813362,0.622585,-0.628202,-0.626633,0
-0.513918,-0.664994,0.0220792,0.293416,2.03551,0.603135,-0.85709,-1.19602,-0.847675,-1.37835,-0.00672669,0.625454,0.280433,0.148697,0.931264,0.478076,0.403223,-0.215265,0.239263,0.753741,0.485752,0.417786,-0.145249,0.14297,0.779418,2
0.0161521,0.316155,-0.55172,-0.97962,-0.344801,0.874662,0.98001,0.0499755,-0.205729,0.402953,-0.535658,-0.730512,0.625384,-0.582285,-0.559636,0.138642,-0.901758,0.55197,-0.697578,-0.904987,0.385042,-0.846546,0.63261,-0.639337,-0.801018,0
-0.895292,-1.19302,-0.399954,-0.0988817,3.21134,0.831363,-1.31641,-1.44524,-0.987186,-1.57922,-0.030535,0.468051,0.34685,0.151706,0.782887,0.516947,0.0377715,0.18391,-0.124289,0.524014,0.527442,0.136553,0.00629701,-0.000459638,0.542414,2
0.77536,0.804596,0.309159,0.390119,0.211377,-0.952803,-1.11082,0.145069,-0.0250177,0.377435,-0.08175,1.10085,-0.610021,0.692461,1.17867,-0.369829,1.16269,-0.339104,0.760968,1.15308,-0.316795,1.1605,-0.621126,0.75623,1.2084,2
-0.223211,0.332757,-0.0152226,0.657478,2.21151,-0.740987,-1.67801,-0.372997,-0.547632,-1.06809,-0.0996712,0.893942,-0.294446,0.461264,1.1209,-0.608622,0.855261,0.135234,0.372628,1.0974,-0.507302,0.931374,-0.194265,0.458576,1.1539,2
0.38856,1.32732,-0.464173,-1.46995,-1.32545,0.00841593,1.59749,1.20692,0.307429,1.32371,-0.141251,-0.824266,0.59266,-0.629292,-0.901299,0.622875,-0.994033,0.63347,-0.754261,-1.18949,0.555328,-0.949495,0.645214,-0.669922,-1.06918,0
0.00339837,-0.400124,0.595579,0.903407,1.10345,-0.135504,-0.75597,-0.731702,-0.701846,-1.08671,-0.375736,0.883108,-0.233526,0.387161,1.11347,-0.659187,0.811053,-0.0162821,0.356895,1.04675,-0.690832,0.887536,-0.360743,0.427591,1.09107,2
-1.0188,-1.84143,0.514618,1.14965,2.31231,1.46728,-0.842667,-2.40908,-1.40439,-2.42166,-0.243971,0.250148,0.629092,-0.223021,0.789254,-0.0455077,-0.00319844,0.549861,-0.345071,0.641896,-0.00549722,0.0590111,0.464463,-0.302002,0.671461,2
-0.955222,-1.19565,-0.10141,0.24448,1.9026,2.08323,-0.477106,-1.99593,-1.22027,-1.98013,-0.349099,-0.119601,0.523294,-0.339114,0.426302,-0.349679,-0.0867875,0.513618,-0.310468,0.525673,-0.195314,-0.0657778,0.335026,-0.277704,0.455147,2
-0.602375,-0.0575618,-0.862518,-1.15529,-0.313237,1.24288,1.25927,0.212776,0.493059,-0.380034,-0.280333,-0.818659,0.640786,-0.629852,-0.863737,0.333817,-1.02224,0.640076,-0.756939,-1.21668,0.379454,-0.964668,0.67507,-0.677038,-1.12991,0
-0.534009,-0.502964,0.206969,0.830963,1.90068,0.36813,-1.08608,-1.06324,-0.924037,-1.61111,0.0963529,0.486302,0.166678,0.0279765,0.922918,-0.140041,0.79545,-0.0755131,0.364312,1.03238,-0.0852882,0.640826,-0.134914,0.154934,0.958561,2
-1.51563,-1.47642,0.649762,1.01854,2.65187,1.0307,-0.481054,-1.6434,-1.36411,-2.94386,-0.698548,0.569481,-0.133155,0.206629,0.953184,-1.10384,0.737629,-0.748054,0.583175,0.992784,-0.890104,0.847795,-0.758519,0.567942,1.00655,2
-1.42339,-1.53372,-0.990525,-0.630041,0.0861378,1.88797,1.73492,0.337175,-0.0736339,-1.37384,-0.36713,-1.01426,0.610331,-0.6541,-1.45777,0.280253,-1.10601,0.629961,-0.765915,-1.64878,0.369859,-1.04472,0.675769,-0.687073,-1.60773,0
-1.71736,-1.32132,-1.67197,-1.11295,-0.252676,1.51881,2.11517,1.2468,0.879559,-1.17865,-0.483523,-0.965877,0.65334,-0.651291,-1.5623,0.182241,-1.10028,0.659667,-0.767414,-1.82497,0.217524,-1.06443,0.682446,-0.690502,-1.78315,0
-0.172126,-0.749913,0.656529,0.835591,1.53697,0.541085,-0.556518,-1.54688,-1.12659,-1.52128,-0.375166,0.87928,0.423843,0.212866,1.14498,-0.644494,1.12722,-0.0215895,0.752022,1.2056,-0.458915,1.10391,-0.181841,0.560316,1.20993,2
-0.378914,-0.503663,-0.911204,0.233306,1.83007,1.94085,-0.65401,-1.72682,-1.16047,-1.75925,-0.12261,0.723516,0.0445882,0.414697,0.830154,0.284031,0.392538,-0.765785,0.492369,0.503913,0.263421,0.435527,-0.544423,0.375057,0.595648,2
-1.02548,-1.57464,0.947486,1.51971,1.65374,0.747294,-0.745395,-1.61228,-1.20673,-2.181,-0.168747,0.320563,0.282052,-0.103339,0.854192,-0.10165,0.206869,0.300753,-0.18415,0.799129,-0.0337234,0.239983,0.20378,-0.151116,0.791982,2
-0.351768,-1.33591,0.0358225,-0.460504,1.04085,2.03661,0.575598,-1.91021,-1.06358,-0.987207,-0.40938,-0.605374,0.575368,-0.498666,-0.206739,0.18326,-0.764386,0.61257,-0.666364,-0.253016,0.314426,-0.69425,0.614139,-0.57257,-0.328489,2
-1.75451,-0.974653,-0.498916,-0.04104,3.48851,1.95002,-1.03282,-1.87424,-1.33518,-2.74615,-0.345721,0.00785627,0.416216,-0.323022,0.533719,0.10175,0.0335935,0.0484562,-0.231437,0.566933,0.0803707,-0.018271,0.180032,-0.26488,0.508521,2
-1.56129,-2.41902,0.893043,1.22806,2.85689,0.802987,-0.742087,-1.93895,-1.32472,-2.7043,-0.343932,0.012544,0.503134,-0.309029,0.639437,0.0396106,-0.269718,0.498016,-0.485462,0.452878,0.139182,-0.178453,0.444532,-0.411718,0.46933,2
-0.98091,-1.11301,-0.596328,-0.887885,0.736649,1.51123,1.13938,-0.792282,-0.290977,-0.689183,-0.435647,-0.817939,0.61246,-0.609152,-0.73444,0.246729,-0.990365,0.603844,-0.73577,-1.06251,0.431009,-0.921349,0.648722,-0.661576,-1.0127,0
-0.462114,-0.600256,-0.73616,-0.860848,-0.687993,1.08597,1.09359,-0.032784,0.340323,0.436137,-0.212686,-0.846505,0.619617,-0.631241,-0.936072,0.46932,-1.01678,0.614089,-0.752632,-1.22357,0.557737,-0.961699,0.651841,-0.6735,-1.15343,0
-0.111785,-0.523564,1.10466,1.19378,0.784356,0.0583515,-0.765255,-1.35721,-0.925956,-0.883088,-0.129067,0.725725,0.173045,0.193056,1.07247,0.0460275,0.523644,0.193785,0.109057,0.952924,0.151256,0.619577,-0.0302551,0.179372,0.985537,2
-0.287519,0.581016,-0.604294,-0.8375,-1.68632,0.63409,1.67837,1.20747,0.318144,0.703136,-0.374247,-1.01317,0.623185,-0.646194,-1.71537,0.316905,-1.10259,0.661436,-0.759998,-1.89003,0.379934,-1.03245,0.675589,-0.678608,-1.71685,0
0.160062,1.27125,-0.190597,-0.953743,-1.55767,-0.150566,1.39823,1.07458,0.4492,1.15544,-0.968716,-0.850024,0.655249,-0.636928,-1.10618,-0.199842,-1.00416,0.679747,-0.75638,-1.3627,-0.273656,-0.966127,0.682136,-0.677118,-1.19782,0
0.690422,1.33258,-0.0402803,-1.24755,-1.99607,0.269098,1.63905,1.03398,-0.109186,1.7975,-1.78667,-1.08467,0.600466,-0.663755,-1.8476,-1.05573,-1.15486,0.637798,-0.771312,-2.07238,-1.18373,-1.07394,0.683505,-0.690552,-1.83194,0
-1.50482,-0.590011,-0.750033,-0.217783,1.35017,0.849604,0.533879,-0.699618,-0.336215,-1.10502,-0.399694,-0.975882,0.617088,-0.6537,-1.11024,0.0979721,-1.04111,0.636148,-0.758998,-1.15983,0.335896,-0.982779,0.681347,-0.683235,-1.14786,0
-0.826555,0.963408,-0.514468,-1.04741,-0.565093,0.748324,1.42351,0.659337,-0.0923847,0.221572,-0.548042,-1.05873,0.622305,-0.657038,-1.77535,0.0560426,-1.13562,0.655999,-0.766775,-1.9916,0.176314,-1.05479,0.697029,-0.686344,-1.74401,0
-0.124429,1.08459,-0.136723,-0.997142,-0.318154,0.569281,1.25218,0.00869569,-0.296205,0.230057,-0.400414,-0.991804,0.628202,-0.651521,-1.29167,0.138882,-1.08543,0.639577,-0.762777,-1.45454,0.283441,-0.993004,0.696209,-0.681026,-1.27274,0
-1.12384,0.424602,-1.78045,-1.38602,-0.379754,0.415637,0.809074,1.65162,1.70039,-0.180981,0.886956,-0.688103,0.24523,-0.476696,-0.663675,0.0931744,-0.213605,0.676699,-0.438455,0.0789614,0.412448,-0.564993,0.344521,-0.478136,-0.260263,1
0.214275,-0.715779,1.15858,1.63792,-0.236954,-0.993763,-0.726115,-0.526252,-0.450639,0.166319,0.251927,0.927066,-0.973593,0.689343,1.00789,0.193705,0.496447,-0.523714,0.339254,0.818889,0.479056,0.664135,-0.784236,0.471589,0.85671,2
1.12857,0.16253,1.48789,1.52313,-0.598867,-1.767,-1.21686,-0.208948,-0.181421,0.853972,0.272207,2.16017,-1.84436,2.0417,1.40863,-0.0657178,1.64635,-1.06304,1.51053,1.30937,0.216214,1.88768,-1.55499,1.68607,1.29207,2
0.966117,-0.030565,1.49637,1.8569,-0.374287,-1.86689,-1.37209,-0.363082,-0.400994,0.769453,0.20512,1.786,-1.33215,1.44515,1.35528,-0.256225,1.18463,-0.628692,0.902028,1.21668,0.108537,1.56748,-1.02736,1.16304,1.26729,2
0.670192,-0.765685,1.75914,1.85549,-0.104079,-1.6012,-1.10594,-0.36754,-0.545703,0.240942,0.229348,1.30299,-1.22441,1.08785,1.1807,-0.282802,0.643845,-0.425022,0.383392,0.996432,0.0715351,1.0189,-0.75596,0.683935,1.10063,2
-0.85884,0.682366,-2.09147,-1.30655,0.732312,0.00672676,-0.600976,1.67755,1.27093,0.138752,1.63516,-0.405072,-0.138582,-0.240352,-0.447071,1.84256,0.117502,-0.634979,-0.0421593,-0.424102,1.40314,-0.180672,-0.345151,-0.117153,-0.240732,1
0.432288,0.369319,0.988676,0.00441773,0.0373417,0.0603205,0.480315,-1.04102,-0.626633,-0.0776819,0.194525,-0.642525,0.535948,-0.562415,-0.144599,0.192386,-0.661636,0.463133,-0.641736,-0.0915751,0.532409,-0.581545,0.45043,-0.533459,-0.111416,0
1.3366,2.04751,1.38847,-0.586383,-1.1528,-0.625584,0.47071,-0.299673,-0.370099,1.41139,-0.154514,-0.739818,0.527432,-0.594449,-0.343752,-0.0296155,-0.865526,0.605024,-0.718948,-0.458525,0.318504,-0.729703,0.600936,-0.61252,-0.332487,0
-2.02399,-0.855161,-2.35112,-1.73598,-1.12894,1.1894,1.45199,2.30844,3.2488,-1.02917,2.02357,-0.892063,0.40858,-0.600296,-1.47247,1.1401,-0.305071,0.870314,-0.547572,-0.906086,1.45139,-0.725545,0.483763,-0.584794,-1.03771,1
-0.44996,-1.50107,1.97088,2.08051,0.631591,-0.773671,-0.494388,-0.870944,-0.900489,-1.36963,-0.00267867,0.993404,-0.297164,0.422633,1.14895,-0.462564,0.569191,0.438275,0.105079,0.974293,-0.16363,0.706354,-0.0410698,0.170906,1.03495,2
-0.380124,-0.393147,-0.264351,-0.760468,0.034793,1.73521,1.33991,-1.13846,-0.626553,-0.411938,-1.8453,-0.830903,0.691431,-0.618237,-0.724375,-1.63978,-0.938221,0.676978,-0.726724,-0.820968,-1.3458,-0.846696,0.725635,-0.647863,-0.737679,0
-1.80446,-0.596078,-2.48165,-1.91315,-2.0007,1.26753,2.27797,2.42086,3.49947,-0.699018,1.48701,-0.640726,-0.00899553,-0.364691,-1.1916,1.08114,-0.747394,-0.0330239,-0.442683,-1.55529,1.17358,-0.705685,0.057472,-0.378545,-1.62313,1
-1.18745,-0.140111,-1.94846,-1.63925,-1.35165,0.900709,1.94096,2.25435,1.89832,-0.14276,1.11555,-0.865536,0.26576,-0.51015,-1.74702,0.359014,-0.923548,0.279953,-0.617048,-1.73441,0.580446,-0.819039,0.24444,-0.486092,-1.8301,1
0.435107,1.1755,-0.287329,-0.736769,-0.0616298,1.43558,0.997801,-1.0949,-0.797609,-0.363242,-1.91556,-0.570471,0.854052,-0.518526,-0.254725,-1.85049,-0.763486,0.806015,-0.652441,-0.440214,-1.52161,-0.655969,0.818239,-0.576708,-0.333517,0
0.844716,0.752791,0.96128,-0.259253,0.171466,0.566992,0.260003,-1.56731,-0.893542,-0.0613499,-1.39462,0.197184,0.791602,-0.197203,0.741717,-1.46595,-0.0269468,0.854312,-0.297734,0.623915,-1.13576,0.12205,0.750453,-0.197973,0.678508,2
-0.334636,-1.01096,1.47195,1.59387,0.618377,-0.227618,-0.662935,-1.06074,-0.791102,-1.18544,-1.43108,0.990955,0.199352,0.273866,1.19387,-1.82201,0.87911,0.644604,0.392698,1.11317,-1.71246,0.892773,0.250228,0.238154,1.14808,2
-0.095953,-1.20047,1.50955,1.82314,0.880199,-0.424292,-0.358485,-1.40327,-1.14706,-1.30425,-1.75379,0.582395,0.579536,0.0110747,1.02308,-2.3156,0.298424,0.828704,-0.10276,0.876301,-1.92623,0.489291,0.580096,-0.0518745,0.976062,2
-1.47014,-0.288099,-2.2867,-1.79694,-1.80732,0.774131,1.77951,2.51488,3.14187,-0.154994,1.55881,-0.660457,-0.000789545,-0.368639,-1.30502,1.32899,-0.61246,0.246759,-0.453178,-1.13756,1.18399,-0.695889,0.136503,-0.384492,-1.4109,1
-0.874882,1.60001,-1.67617,-1.59715,0.0185309,0.304071,0.185169,2.20212,1.30936,-0.311617,1.75227,-0.683235,0.14214,-0.401133,-0.842577,0.44905,0.237334,0.766175,-0.10239,-0.221821,0.754461,-0.158083,0.0704456,-0.260172,-0.090096,1
1.5041,0.827935,1.28274,-0.262422,-0.774361,-0.234585,-0.0365621,-0.711931,-0.473038,1.10119,-0.256414,0.67366,0.414947,0.182011,1.01005,-0.364671,0.170946,0.552869,-0.0515847,0.77733,-0.0291057,0.369899,0.301133,0.0917052,0.841848,2
1.33654,0.479015,1.13014,1.27485,-0.473088,-0.999511,-0.8983,-0.791223,-0.527162,0.544823,-0.558906,2.12423,-0.371948,1.48417,1.55691,-1.28558,2.04541,0.226679,1.77557,1.48279,-0.953953,2.26946,-0.278124,1.64659,1.56521,2
1.09019,1.39756,0.02033,-0.863727,-1.09074,0.341803,0.59306,0.186998,-0.30519,1.16815,-0.666334,-0.111125,0.778419,-0.312707,0.268679,-0.603465,-0.478876,0.704585,-0.515348,0.0974824,-0.190137,-0.360663,0.660377,-0.409769,0.149247,0
0.992374,-0.0548931,2.07154,1.35047,-0.780788,-0.962389,-0.759188,-0.948776,-0.658108,0.726724,-0.329589,0.73652,0.152975,0.287999,1.08424,-0.87878,0.383902,0.394657,0.117463,0.915222,-0.291187,0.713841,0.0511051,0.319544,1.02913,2
-1.9042,-0.910784,-2.62663,-1.917,-2.43364,1.30854,2.16151,2.74097,4.1253,-0.679118,2.06853,-0.83703,0.201431,-0.495737,-2.15908,1.84094,-0.903957,0.263881,-0.594849,-1.69094,1.893,-0.892753,0.375696,-0.55076,-1.90147,1
0.946507,0.83766,0.889695,-0.579096,-0.752342,0.462394,0.360004,-0.542774,-0.267329,0.445912,-0.267729,0.0584315,0.774101,-0.304641,0.560916,-0.310688,-0.331488,0.670072,-0.466881,0.360104,0.0665675,-0.210137,0.686454,-0.385471,0.399624,2
1.40614,0.723816,0.496317,0.957271,-0.178153,-1.21656,-1.03868,-0.385441,-0.261352,0.675629,-0.231017,2.58368,-1.60217,2.19298,1.55768,-0.835591,2.21063,-0.956532,2.02651,1.40239,-0.573839,2.38383,-1.40067,1.9517,1.49496,2
1.1785,0.316955,1.99311,0.626843,-0.457696,-0.409929,-0.579806,-1.18476,-0.746394,0.513219,-0.0645384,1.06152,0.389389,0.469081,1.20325,-0.188388,0.701077,0.353567,0.313407,1.083,0.121581,0.814641,0.172266,0.360903,1.05135,2
0.383412,0.126648,1.27028,0.280093,-0.154794,1.06123,0.519436,-1.55521,-1.09271,-0.728803,-0.749803,-0.103829,0.800358,-0.355556,0.520016,-0.888195,-0.313297,0.760258,-0.480425,0.411779,-0.434897,-0.205899,0.779658,-0.418895,0.446171,2
1.29464,0.299683,0.885946,1.30908,0.0853882,-1.23382,-1.07933,-0.943528,-0.641566,0.570811,-0.597108,2.22023,-0.562415,1.7929,1.58717,-1.39871,1.52144,0.267019,1.17941,1.37767,-1.03153,2.01111,-0.294296,1.5001,1.53163,2
0.377525,-0.406341,1.3616,1.26794,-0.0206699,-0.716809,-0.730372,-0.622355,-0.483463,-0.172026,-0.566633,1.26524,-0.436256,0.773701,1.28334,-1.0288,0.690792,0.120191,0.375066,1.02652,-0.736599,0.933933,-0.246539,0.508761,1.1452,2
-0.132695,-0.371748,-0.0624295,0.655979,1.37603,-0.828094,-0.903028,-0.483913,-0.527572,-0.0660376,0.457986,-0.319953,0.442943,-0.446821,0.320183,-0.0389109,-0.0244181,0.581225,-0.293426,0.587203,0.227529,-0.24451,0.502264,-0.441164,0.403982,2
-0.782877,-1.42344,0.0443683,1.11348,1.82919,-0.378555,-0.771842,-0.758379,-0.726414,-1.06692,0.580376,-0.291767,0.377455,-0.437406,0.335566,0.459425,-0.10287,0.395706,-0.361243,0.500295,0.500245,-0.271047,0.423673,-0.452778,0.352227,2
0.704825,1.2411,-0.561895,-0.486292,0.282612,-0.862418,-0.909445,0.535768,0.132325,1.19525,1.05206,0.0938642,0.235485,-0.207528,0.529711,0.493848,0.546972,0.593459,0.109936,0.661056,0.732022,0.138922,0.300943,-0.178532,0.594879,2
0.670112,1.0744,-0.254685,0.0206598,0.313467,-1.06708,-1.12893,0.542164,-0.067307,0.983779,1.0605,0.098322,-0.0504252,-0.0796609,0.594919,0.315106,0.380913,0.0454277,0.14315,0.743626,0.603775,0.187268,0.0245281,-0.0401502,0.676349,2
-2.09357,-1.61223,-2.45323,-1.48892,-0.339844,1.20946,1.30969,1.68404,2.66728,-1.05732,1.15253,-1.05924,0.573569,-0.661326,-1.64835,1.28928,-0.896551,0.581175,-0.730143,-0.645374,0.907416,-0.972954,0.623835,-0.675979,-1.23454,2
-2.23405,-1.6977,-2.51094,-1.71611,-1.03761,1.54836,1.59597,1.72101,3.52481,-1.23717,1.13705,-1.07057,0.565913,-0.659447,-1.83677,1.23985,-1.03606,0.584594,-0.747644,-1.24333,0.925917,-1.03401,0.627653,-0.677598,-1.73826,2
1.31805,2.12811,0.171576,-1.43848,-1.9348,-0.201061,0.977781,0.870484,0.117083,2.26051,1.41912,-1.04682,0.583894,-0.658787,-1.54282,2.08476,-1.10595,0.610201,-0.764256,-1.68215,1.68994,-1.02387,0.664115,-0.682866,-1.48285,0
-0.145949,-0.515937,0.0945637,0.93816,1.14148,-0.985248,-1.01809,-0.169717,-0.376386,-0.217274,0.948866,-0.073224,0.0693561,-0.26489,0.468601,0.739538,0.0963128,0.028316,-0.188278,0.584694,0.969605,-0.101021,0.171236,-0.321432,0.452188,2
0.947276,0.932983,0.125918,0.205579,0.38866,-1.04463,-1.3335,-0.442323,-0.373557,1.36685,0.843737,0.107507,0.294856,-0.192156,0.650122,0.311927,0.192346,0.371178,-0.100071,0.73547,0.539176,0.087987,0.370549,-0.225919,0.671151,2
-0.885436,0.260073,-1.16171,-0.908325,0.508901,0.161361,0.14335,0.915052,0.681346,-0.138202,1.6094,-0.9391,0.547622,-0.644145,-0.992984,1.52957,-0.799818,0.491599,-0.682876,-0.455467,1.15011,-0.839789,0.55087,-0.636268,-0.727894,2
0.391029,-0.138152,-0.32616,-0.602705,0.0297954,0.844177,0.595139,-0.492569,-0.431439,0.130676,0.496447,-0.927436,0.576748,-0.642026,-0.950954,0.961659,-0.995583,0.567952,-0.741407,-1.1427,0.682876,-0.894862,0.638238,-0.660467,-0.89806,0
-1.29128,-1.75319,0.206199,1.45197,2.519,-0.272507,-0.881189,-1.20344,-0.969305,-1.82715,-0.14232,-0.229308,0.24619,-0.392148,0.363792,-0.20446,0.221262,-0.0807306,-0.129567,0.722506,-0.275035,-0.114184,0.242092,-0.36751,0.452638,2
-1.87196,-1.41603,-2.37948,-1.64579,-1.26206,1.27907,1.40804,1.80499,3.55826,-0.934243,1.28582,-1.02864,0.55098,-0.647753,-1.53669,1.21646,-0.891104,0.608402,-0.708813,-1.13038,0.948416,-0.970495,0.587173,-0.65299,-1.42688,2
-0.093904,0.071555,-0.528671,0.338534,1.36706,-0.769363,-1.1544,-0.0687664,-0.201791,0.000449848,1.0477,-0.0655978,-0.00981512,-0.190866,0.45034,0.739718,0.518426,-0.517487,0.331138,0.748814,0.810643,0.129517,-0.181691,-0.0392706,0.573289,2
0.847375,0.667433,0.279163,0.763946,0.620956,-1.20946,-1.29833,-0.316795,-0.396296,0.454628,0.989785,0.587063,-0.479815,0.288209,0.841748,0.668103,1.05971,-0.958711,0.802397,1.03714,0.801948,0.742467,-0.520525,0.373797,0.923908,2
-0.987297,0.473948,-2.08519,-1.72449,-0.497946,0.547162,0.417466,1.82683,2.33809,-0.110746,2.35745,-0.933523,0.500055,-0.635119,-1.3203,2.14421,-0.665544,0.150066,-0.504963,-0.675979,1.94644,-0.722996,0.305031,-0.51133,-0.908745,2
0.425682,0.600176,0.0845286,-0.442034,-0.833462,0.340863,1.03193,-0.136483,-0.361813,0.642036,0.801947,-0.83622,0.441554,-0.584094,-0.745535,1.38549,-0.934822,0.459215,-0.692981,-0.895002,1.24639,-0.869834,0.557457,-0.629512,-0.883428,2
-0.291767,-0.713141,0.581096,1.4997,0.384072,-0.812242,-0.658148,-0.436436,-0.383162,-0.401983,1.28699,0.16426,-0.42908,0.0465374,0.49111,1.45543,0.18479,-0.775001,0.127588,0.499156,1.27642,0.156613,-0.455797,0.0427092,0.437286,2
0.952973,0.733771,0.145459,0.833442,0.506942,-1.40514,-1.63175,-0.175794,-0.311397,0.852973,0.720227,0.537957,-0.406381,0.200972,0.861768,0.194125,0.795311,-0.811892,0.533159,0.970215,0.239053,0.658248,-0.444642,0.283871,0.941859,2
0.210287,-0.0442783,0.475827,1.08182,0.866356,-0.864846,-1.16762,-0.420734,-0.657378,-0.139252,0.73456,0.109327,0.0932344,-0.180901,0.665504,0.257044,0.500025,-0.127428,0.171676,0.896021,0.422173,0.263541,0.0448181,-0.0881367,0.768014,2
0.91899,0.862947,-0.10301,0.404132,0.651861,-1.21829,-1.46222,0.0745634,-0.219183,0.745865,0.929975,0.413278,-0.304471,0.130956,0.786225,0.434587,0.943828,-0.711801,0.670952,1.01543,0.499276,0.634839,-0.431799,0.305301,0.921749,2
0.955632,0.828344,0.0507352,0.403652,0.253326,-1.26051,-1.23607,0.257164,-0.0745834,0.843077,1.04657,0.473728,-0.589621,0.312647,0.75601,0.731742,0.75495,-1.07771,0.708933,0.890834,0.718219,0.557187,-0.668123,0.404432,0.823407,2
0.145509,-0.0533838,-0.416146,-0.844446,-0.91887,0.889015,1.16882,-0.0094954,0.0130437,0.670832,0.207169,-0.756859,0.562695,-0.579236,-0.598737,0.416476,-0.921379,0.555098,-0.69421,-0.758968,0.749493,-0.840409,0.582075,-0.597507,-0.778849,2
-1.03299,-1.0313,-0.83852,0.0148726,1.85597,0.0165519,-0.542654,0.0988416,-0.0547731,-1.01852,0.938471,-0.0366519,-1.05017,0.71483,0.0625796,0.501894,0.112465,-0.457126,0.0901759,0.59256,0.545113,0.108907,-1.26701,1.00234,0.271337,2
1.42039,1.03428,0.159352,0.366081,0.08167,-1.12674,-1.1563,-0.140791,-0.263471,1.03505,0.0239983,1.13384,-0.983518,0.889335,1.13259,-0.524223,1.10005,-0.677378,0.864757,1.11491,-0.436346,1.27597,-0.967436,0.985478,1.20099,2
-0.0329738,0.968986,-0.0624195,-0.484113,1.25808,0.411708,-0.534738,-1.00E-05,-0.768753,-0.692341,0.51001,-0.492599,0.570371,-0.506132,0.0373719,0.547002,-0.0120441,-0.389629,-0.169107,0.254036,0.465042,-0.149457,0.118582,-0.34794,0.217563,2
1.03177,1.15536,0.499556,-0.692001,-0.630152,0.582045,0.104839,-0.631311,-0.46892,0.815811,-0.0255175,-0.46888,0.608812,-0.528541,0.108857,0.234785,-0.616768,0.73495,-0.630551,-0.0786114,0.275085,-0.524213,0.695819,-0.561005,0.038551,2
1.17273,1.10841,-0.18358,0.46994,0.687184,-1.86146,-1.8857,0.573519,-0.0364521,1.10927,0.271227,0.891654,-1.08262,0.692631,0.945787,-0.00465768,1.27234,-1.58078,1.18832,1.08793,0.0359225,0.997982,-1.12359,0.818859,1.02908,2
1.62555,1.63974,-0.189357,0.351258,0.0441784,-1.75789,-1.39008,0.362732,0.0708454,1.33378,0.518516,1.63171,-2.27815,1.8248,1.10995,0.0166319,1.97117,-2.49572,2.30929,1.24899,-0.00210888,2.01608,-2.63364,2.32734,1.28134,2
-0.769893,-0.586613,-0.209767,-0.865956,0.293446,1.917,1.44944,-0.993584,-0.747634,-0.711242,0.0258374,-0.941489,0.645894,-0.645574,-1.02216,0.131496,-1.02564,0.662346,-0.752082,-1.11367,0.473118,-0.953583,0.729293,-0.671551,-1.13072,0
0.617018,0.272367,0.788364,-0.376825,-0.168018,0.969066,0.276605,-1.12889,-0.788594,0.0520146,0.524453,-0.504053,0.636139,-0.525683,0.0104051,0.546822,-0.575248,0.752871,-0.601086,-0.054943,0.79649,-0.554459,0.676589,-0.559746,-0.051315,2
0.121421,0.458855,-0.766745,-0.516117,0.438875,-0.628482,-0.813442,0.763026,0.646653,0.575838,1.09231,-0.113294,-0.458485,0.0551831,0.129057,1.0082,0.351358,-0.907266,0.344481,0.557497,0.909005,0.00211898,-0.446092,0.0827396,0.294366,2
0.453458,1.10721,-0.562215,-0.81599,-0.864737,0.488061,1.06624,0.0742136,-0.12222,0.791343,0.46951,-0.577397,0.465992,-0.48989,-0.275385,0.610401,-0.807185,0.525463,-0.659267,-0.460485,0.768404,-0.742377,0.55246,-0.566772,-0.502694,2
0.26471,0.384602,-0.217624,0.429669,1.4003,-1.19286,-1.60814,-0.0239883,-0.277564,0.328149,1.07668,0.330828,-0.598737,0.247519,0.645614,0.482634,0.710772,-0.643905,0.441134,0.955932,0.798499,0.443303,-0.423493,0.214055,0.790413,2
1.56786,1.36221,-0.0424192,0.383002,-0.110166,-1.59508,-1.66833,0.372348,0.0996613,1.50567,0.693031,1.63111,-2.57347,2.12019,1.06868,0.40832,1.95502,-2.75706,2.5112,1.19128,0.365161,1.91105,-2.8417,2.46582,1.19754,2
1.24268,0.576558,1.08217,1.07651,-0.360114,-1.24022,-1.23194,-0.412538,-0.302352,0.772322,0.434327,1.69661,-1.88489,1.76844,1.25282,0.279893,1.84321,-2.24999,2.13071,1.2458,0.339074,1.85561,-2.21292,1.98102,1.23816,2
1.0972,0.912303,0.0399105,0.59162,0.311258,-1.49979,-1.55646,0.139831,0.0739139,0.870354,0.706344,1.36182,-2.23978,1.68914,0.977622,0.053284,2.06454,-1.81352,2.05083,1.22336,0.141391,1.75474,-1.66657,1.62679,1.23695,2
-0.296905,0.483143,-0.643325,-1.1325,-0.871993,1.45475,1.13755,0.249708,0.237764,0.0228689,0.083709,-1.06251,0.624004,-0.657228,-1.81878,0.26538,-1.13992,0.660267,-0.766045,-2.16238,0.427701,-1.05591,0.710122,-0.684215,-1.83895,0
-0.523304,-1.297,0.502024,0.822087,0.974243,0.754261,0.00894559,-1.28814,-0.839509,-1.44091,0.202361,-0.296155,0.577197,-0.522614,0.271567,0.30647,-0.356805,0.615538,-0.606923,0.215754,0.290138,-0.400624,0.669512,-0.576797,0.168677,2
0.123869,0.185509,-0.212156,-0.892343,-0.946067,0.300423,0.961979,0.303122,0.384302,0.888615,-0.692201,-0.725455,0.528381,-0.59295,-0.519276,-0.120181,-0.881358,0.507531,-0.69515,-0.671981,-0.190137,-0.85725,0.580756,-0.631631,-0.77647,2
-0.200942,-0.567912,0.117053,1.02514,0.77719,-0.594629,-0.584654,-0.362133,-0.456846,-0.410359,-0.309109,-0.0143928,0.242801,-0.358524,0.525743,-0.540126,0.51046,0.181671,-0.099981,0.754341,-0.498326,0.172925,0.226559,-0.30538,0.608302,2
0.319823,0.18397,0.0679267,0.723206,0.51103,-1.10654,-0.700007,-0.0299654,-0.234905,0.24463,0.219822,0.0306951,0.229728,-0.317374,0.599797,-0.146398,0.437826,0.194884,-0.0844286,0.820039,0.0524144,0.218173,0.217454,-0.239782,0.719757,2
-0.201521,-0.820618,1.41606,1.22021,0.050975,-0.0180011,0.0413997,-1.09481,-0.800488,-0.712181,-0.364771,-0.525703,0.479935,-0.540115,0.0408002,-0.0691361,-0.454517,0.440994,-0.57218,0.236654,-0.119312,-0.48983,0.505353,-0.544183,0.0741036,2
0.423543,0.0686664,0.130426,0.841967,0.444173,-1.2773,-0.888955,-0.0886367,-0.16379,0.452349,0.0566723,0.147838,0.205479,-0.258463,0.687284,-0.375886,0.443593,0.239703,-0.0786914,0.847825,-0.330668,0.311817,0.227549,-0.182511,0.79724,2
0.938551,-0.0398704,0.541445,0.962748,0.160242,-1.46639,-1.01508,-0.396156,-0.269248,0.91852,0.419585,0.165389,0.089926,-0.239872,0.656389,0.2655,0.434517,-0.0367021,-0.0736139,0.773671,0.232566,0.272287,0.0697959,-0.191246,0.717649,2
1.01621,0.359764,0.330548,0.708553,-0.287459,-1.2962,-0.852693,-0.0883268,0.0733042,0.967926,0.67352,0.100551,0.151236,-0.276574,0.624684,0.394827,0.248398,0.154304,-0.182291,0.73607,0.416306,0.18415,0.159182,-0.216194,0.69458,2
-0.158262,-1.12562,0.856471,0.830233,0.175804,0.195584,0.0389709,-0.947896,-0.727634,-0.365811,0.0631691,-0.648502,0.523824,-0.574039,-0.169677,-0.0654179,-0.637128,0.518226,-0.642256,-0.069226,0.0160422,-0.569451,0.557047,-0.566582,-0.0988017,2
0.109626,0.195354,0.554489,-0.106508,-0.894682,0.14219,0.5728,0.222101,-0.0710551,0.324401,0.0849884,-0.814261,0.576588,-0.616268,-0.619437,0.532479,-0.904547,0.536237,-0.718798,-0.733171,0.32616,-0.820159,0.611761,-0.635779,-0.700647,2
-0.182401,0.627533,-0.566303,-1.28171,-1.26732,0.32661,1.64789,1.18382,0.720337,0.630451,0.47007,-0.886636,0.525493,-0.593799,-1.08787,1.07197,-1.02856,0.524023,-0.704255,-1.38505,0.838939,-0.972054,0.588052,-0.631771,-1.3315,0
0.998701,1.45142,0.314416,-0.75639,-1.51488,-0.22505,0.464922,0.586493,0.194225,1.49725,0.426241,-0.676948,0.358894,-0.38816,-0.431868,0.91943,-0.848974,0.34649,-0.542684,-0.626173,0.762397,-0.746625,0.277834,-0.266749,-0.63287,2
-1.45494,-0.981409,-1.13667,-0.609262,2.24662,0.625344,-0.274636,0.649432,-0.333766,-1.37543,0.91912,-0.603344,0.549211,-0.513478,-0.505023,1.09637,-0.498536,-0.0535639,-0.379914,-0.646653,0.950215,-0.525403,0.240083,-0.421843,-0.561725,2
0.344661,-0.587202,-0.407331,0.518696,0.586053,-0.955602,-0.532919,0.0112544,-0.10277,0.481434,1.15615,-0.146338,0.0412199,-0.307879,0.26525,0.454687,0.109696,0.198203,-0.233855,0.599057,0.646853,0.014393,0.160432,-0.257854,0.514488,2
-0.0155424,0.603335,-0.141521,-1.16927,-1.26043,0.645074,1.0999,0.700037,0.152735,1.06221,0.573409,-1.03717,0.600336,-0.654449,-1.60392,1.24771,-1.10432,0.607692,-0.758319,-1.72477,1.07486,-1.0202,0.67321,-0.678098,-1.56333,0
0.868695,0.432808,0.02044,0.598906,-0.168138,-1.53158,-0.794321,0.362233,0.232066,0.98144,0.989266,0.295945,-0.10158,-0.129397,0.648363,0.685914,0.590951,-0.195564,0.0739938,0.801508,0.786895,0.405212,-0.097832,-0.0656777,0.733361,2
-1.13802,-0.267329,-1.25386,-1.09667,-1.48802,0.443873,2.07345,1.84292,1.4081,0.172116,0.293766,-1.034,0.602045,-0.660656,-1.67108,1.03273,-1.14246,0.630851,-0.770473,-2.0374,0.844877,-1.08102,0.669932,-0.690162,-1.94075,0
-0.422963,-1.31899,0.405881,0.864936,0.948716,-0.0364721,-0.30682,-0.482484,-0.638727,-0.888355,0.701377,-0.379994,0.284181,-0.479325,0.124319,0.133535,-0.277024,0.424932,-0.508261,0.401663,0.549871,-0.315126,0.442583,-0.484493,0.2651,2
-0.267499,-1.51564,1.79757,2.30704,0.0936841,-0.969635,-0.622105,-1.04863,-0.786625,-0.568502,0.288179,-0.0238482,0.207878,-0.325021,0.556368,0.0728344,-0.0876671,0.334686,-0.382623,0.589921,0.30601,0.024468,0.230567,-0.307609,0.595828,2
0.454058,0.114644,-0.0605404,0.607392,0.234895,-1.22236,-0.629952,0.145669,0.0516548,0.524633,0.320903,0.152096,0.0801508,-0.22376,0.652601,0.0923348,0.684275,-0.127708,0.116503,0.863168,0.113844,0.395357,0.00607711,-0.111865,0.777799,2
1.00361,0.583734,-0.04097,0.348389,-0.292927,-1.37765,-0.558517,0.287299,0.117582,1.23241,0.83672,0.357075,-0.109566,-0.083539,0.713661,0.390679,0.804196,-0.20511,0.236604,0.906936,0.640776,0.565853,-0.158952,0.0356227,0.838939,2
0.987776,0.967646,0.637538,-0.561315,-1.8916,-0.22538,0.969805,0.304361,0.418085,1.29644,0.632251,-0.503903,0.49004,-0.53113,-0.0548529,1.0854,-0.718548,0.463673,-0.645414,-0.271797,1.08053,-0.655059,0.558817,-0.569911,-0.26529,2
0.873462,0.0998911,0.155944,1.04618,0.210587,-1.50399,-0.830154,-0.26541,-0.227499,0.722456,0.83687,0.351998,-0.0582714,-0.0764924,0.744286,0.417975,0.659257,0.0816099,0.0933344,0.868995,0.685844,0.49066,0.0216695,-0.0457675,0.81739,2
0.509141,1.1733,-0.0202601,-1.35003,-1.70251,0.257874,1.32117,0.682856,0.002189,1.96161,0.417226,-1.04361,0.598987,-0.656239,-1.59193,1.10117,-1.10988,0.624304,-0.764536,-1.632,0.999221,-1.03442,0.684435,-0.683485,-1.57371,0
0.886336,0.871383,0.701157,-0.790453,-1.76786,0.0234286,0.832762,0.337525,0.342712,1.32201,0.637518,-0.606113,0.553969,-0.578916,-0.193575,1.13381,-0.806315,0.543304,-0.699607,-0.404092,1.10413,-0.753771,0.621436,-0.626123,-0.426161,2
1.4507,1.09217,-0.411918,0.252196,-0.617308,-1.52713,-0.635489,0.460524,0.324921,1.61149,0.69482,0.440764,0.127698,-0.106718,0.786675,0.157473,0.849624,0.24402,0.246729,0.862358,0.289308,0.646763,0.0724046,0.0393409,0.896701,2
0.53114,-0.651551,1.15431,1.77322,-0.0172516,-1.29204,-0.882038,-0.51165,-0.642835,0.225959,0.699328,0.141991,0.155924,-0.239942,0.682866,0.44971,0.0935842,0.275955,-0.276615,0.711502,0.672801,0.188378,0.189787,-0.221681,0.705574,2
-0.0628892,-0.721407,2.21294,2.05395,0.114074,-0.824966,-0.831763,-1.21086,-0.832822,-0.734071,-0.541335,1.28863,-0.432048,0.750043,1.29507,-1.01332,1.04603,0.121251,0.565383,1.19675,-0.545053,1.19191,-0.20361,0.582705,1.25849,2
0.450539,-0.0384911,1.34468,0.69475,-0.0726744,-0.36818,-0.799678,-0.610711,-0.575088,0.243111,-0.016352,0.376216,0.334766,-0.0892262,0.841748,-0.0661976,0.216444,0.596698,-0.110366,0.685834,0.246649,0.189787,0.314246,-0.176763,0.726404,2
-1.96835,-1.28366,-2.19571,-1.38174,-1.00942,1.42145,1.89134,2.19932,2.28287,-1.1426,0.922339,-0.991534,0.508051,-0.611281,-1.50003,2.15878,-0.79556,-0.193625,-0.334416,-1.67309,1.2076,-0.843427,0.270897,-0.482644,-1.53695,1
0.567502,1.05359,1.06852,0.884477,0.0963928,-0.912773,-0.89902,-0.5718,-0.584814,0.217414,0.0278864,0.304251,-0.116393,0.119192,0.763227,-0.61336,0.724455,-0.0172117,0.228648,0.982619,-0.345231,0.707464,0.0121242,0.14284,1.00075,2
0.405192,0.357075,0.364602,-0.515218,0.259003,0.26479,-0.00297857,-0.0229688,-0.481564,0.0612101,-0.977372,-0.209727,0.651501,-0.452198,0.311977,-0.951244,-0.475347,0.83626,-0.555598,0.106108,-0.763106,-0.465372,0.663625,-0.537127,0.12263,2
0.30641,-0.538796,1.93817,1.81268,0.0884267,-1.04487,-0.890544,-0.861098,-0.724705,-0.404972,-0.704585,1.35358,-0.32637,0.688813,1.30977,-1.23202,1.15221,0.136263,0.681466,1.22748,-0.945597,1.27364,-0.236194,0.640577,1.29288,2
0.601456,-0.783356,1.8876,2.09589,-0.462624,-1.15563,-1.11897,-0.950515,-0.684565,0.304861,-0.436666,1.49904,-0.270827,0.889745,1.38919,-1.20178,1.05498,0.156173,0.607053,1.22459,-0.748054,1.4173,-0.200192,0.79776,1.34998,2
-0.417256,-0.801527,1.59667,1.73814,0.372648,-0.497746,-0.85851,-0.528891,-0.611341,-1.16876,-0.994123,0.876781,-0.154834,0.216184,1.05839,-1.21511,0.863047,0.221142,0.309069,1.01089,-1.15702,0.747084,-0.0364321,0.135294,1.01754,2
0.336655,0.358764,0.764846,-0.110026,-0.299843,-0.0176813,0.0514248,0.146588,-0.197653,-0.00486755,-0.434927,-0.0338933,0.440274,-0.325081,0.484883,-0.553859,-0.308109,0.641336,-0.453718,0.310388,-0.375326,-0.298314,0.498906,-0.424232,0.324261,2
-0.283211,-0.971094,1.66218,1.67176,0.0439285,-0.539366,-0.573699,-0.779658,-0.584004,-0.687074,-0.642785,0.458366,0.108657,-0.0584312,0.892253,-0.907276,0.403203,0.444192,-0.028406,0.834871,-0.763516,0.319384,0.171036,-0.131505,0.820258,2
0.927986,0.675869,1.18749,0.519086,-0.456826,-0.444912,-0.497337,-0.255715,-0.654369,0.444852,-0.0765725,0.509521,0.00378821,0.198503,0.932844,-1.32709,1.00902,0.910564,0.377555,1.10187,-0.969555,0.996332,0.617978,0.237744,1.17155,2
-0.675399,0.416616,-1.31554,-1.19571,-0.956612,0.132835,1.25999,1.89805,1.11768,0.455687,1.83523,-0.779418,0.220652,-0.456796,-1.13311,1.03573,-0.544713,0.299213,-0.462793,-0.154764,1.20926,-0.664785,0.147028,-0.373917,-0.734271,1
-0.208398,0.63362,-0.414407,-0.803227,-0.667183,-0.536277,0.681526,1.76833,0.601396,0.641216,1.93985,-0.61273,0.0493859,-0.375956,-0.845696,1.40342,0.323542,-0.789853,0.193705,0.215705,1.30106,-0.032694,-0.574239,0.00846599,-0.0707955,1
-1.39264,-0.409649,-1.63285,-1.30871,-0.993024,0.729293,1.78143,2.07997,1.52382,-0.273696,2.0568,-0.869604,0.296195,-0.518136,-1.59116,1.21754,-0.79678,0.339214,-0.589122,-0.686174,1.39507,-0.844307,0.377125,-0.536657,-1.25734,1
1.32783,0.532299,1.1982,1.33483,-0.360564,-1.57955,-1.08376,-0.499366,-0.464193,0.87855,-0.0210097,2.16287,-1.11237,1.73531,1.48746,-1.00511,1.79863,-0.0305251,1.43142,1.43801,-0.541885,2.13096,-0.560156,1.57076,1.48571,2
1.77144,2.12313,0.874592,-0.910594,-1.03165,0.0982419,0.370079,-0.686484,-0.677328,1.51668,-0.400774,-0.568562,0.707484,-0.526262,-0.0722144,-0.515468,-0.683295,0.657458,-0.620656,-0.190767,-0.0344131,-0.495577,0.722586,-0.51119,0.0281861,0
-0.715919,0.165849,-0.863467,-0.950105,0.641266,-0.0253475,0.453468,1.12688,0.20404,-0.0635188,1.94266,-0.748903,0.379244,-0.569901,-0.633819,0.673021,-0.608882,0.517337,-0.560865,-0.209927,1.20974,-0.778059,0.441584,-0.560705,-0.73539,1
1.28765,0.868395,0.840279,-0.527422,-0.269858,0.498636,-0.00830596,-1.08861,-0.859939,0.768224,-0.280693,-0.00803595,0.911674,-0.281242,0.565563,-0.679337,-0.181991,0.87711,-0.344191,0.495288,-0.0747233,-0.0167818,0.824167,-0.293236,0.567142,0
0.75486,0.785226,0.891804,-0.0802908,0.00443783,0.51116,-0.148297,-0.875811,-0.820518,-0.111275,0.208348,0.276605,0.594109,-0.161521,0.772652,0.0731342,0.129816,0.726724,-0.167218,0.678568,0.466772,0.0922049,0.522424,-0.246759,0.655929,2
0.862428,0.44942,1.11689,-0.391858,-0.836051,0.0167419,0.668922,-0.189687,-0.424772,0.647073,0.0012594,-0.232406,0.579506,-0.462883,0.292987,0.0166919,-0.599966,0.627333,-0.611051,-0.0163219,0.364682,-0.454238,0.584934,-0.512429,0.118222,0
0.722236,0.615359,0.667833,-0.0827296,0.110906,0.359384,0.291747,-1.20732,-0.93833,0.126758,-0.0435487,-0.0495356,0.669822,-0.333816,0.548921,-0.0569621,-0.303291,0.728433,-0.466012,0.383862,0.458486,-0.219822,0.648563,-0.420464,0.406041,0
-0.0546332,0.794131,-0.0338534,-0.778289,0.372018,-0.130646,0.130376,1.45996,-0.34605,-0.0865176,-1.33864,-0.945717,0.634899,-0.647013,-1.00936,-1.54548,-0.851153,0.504153,-0.721427,-0.75595,-1.14398,-0.828744,0.63246,-0.657758,-0.682656,0
-1.67923,-0.552909,-1.52561,-1.21772,1.15091,0.83786,0.676659,1.11741,0.427451,-0.907136,1.54882,-0.944597,0.454817,-0.610131,-1.48848,-0.427351,-1.0299,0.576208,-0.738648,-1.45981,0.458136,-0.912923,0.53072,-0.634979,-1.40704,1
0.758539,1.50801,0.174844,-0.548252,-0.267399,0.394967,0.637968,-0.482074,-0.726494,0.308369,-1.30116,-0.785945,0.684355,-0.609342,-0.515128,-1.14888,-0.890044,0.666314,-0.727514,-0.526132,-0.809484,-0.771842,0.719988,-0.639977,-0.419655,0
0.784686,0.997711,0.156264,-0.950185,-1.08244,0.231497,0.378175,0.308919,0.240932,1.08433,-1.04041,-0.176434,0.983448,-0.401273,-0.112984,-1.47147,-0.627823,0.797719,-0.635119,-0.316255,-0.957961,-0.537597,0.769203,-0.549991,-0.1423,0
1.08708,2.09431,0.251617,-0.842947,-1.81732,-0.259043,0.936302,0.982989,0.20409,1.27654,-0.876751,-0.303831,0.866686,-0.507421,-0.276325,-0.750722,-0.63308,0.802577,-0.677059,-0.528221,-0.477756,-0.626983,0.7148,-0.619267,-0.330418,0
-2.15634,-2.42362,-1.48165,-0.436076,0.696819,1.49286,0.69413,0.623115,0.742267,-1.4171,0.0983519,-0.89763,0.559356,-0.635379,-0.813631,-0.0540835,-0.458096,0.55196,-0.629072,-0.118992,-0.179092,-0.704885,0.610461,-0.635109,-0.311568,2
-0.79607,-1.14295,0.149667,0.842957,0.985418,-0.159402,0.10109,-0.604944,-0.576498,-0.833452,-0.464013,-0.398975,0.42866,-0.500515,0.209518,-1.21834,-0.0825096,0.585983,-0.416246,0.607393,-0.935942,-0.137942,0.539456,-0.434647,0.521445,2
0.118132,0.703526,-0.117692,-0.727684,0.475577,0.620246,0.42898,-0.278624,-0.65266,-0.125618,-0.962529,-0.867125,0.658837,-0.629282,-0.750992,-0.79697,-0.8778,0.595568,-0.704055,-0.671471,-0.639137,-0.815801,0.678688,-0.639667,-0.646114,2
0.356615,1.02407,0.131825,-0.612,-0.0667573,0.804666,0.318294,-0.738968,-0.732251,0.329849,-0.300353,-0.729043,0.6135,-0.606083,-0.34731,0.108107,-0.81693,0.65311,-0.698148,-0.411608,-0.0217892,-0.748843,0.670332,-0.627553,-0.411579,2
-0.141591,-0.188258,0.443903,-0.158652,0.745325,0.786195,-0.14354,-0.866786,-0.726584,-0.568672,-0.615229,-0.545313,0.646593,-0.563194,-0.0129135,-0.262461,-0.598127,0.771442,-0.642585,-0.0704154,-0.36835,-0.63253,0.687324,-0.6125,-0.149037,2
0.751752,-0.5514,0.985368,1.57742,0.138682,-1.60139,-1.15273,-0.573099,-0.439055,0.656669,-0.0641286,0.310808,0.0089157,-0.062999,0.803997,-0.382313,0.274815,0.234905,-0.0862877,0.809754,-0.227549,0.351798,0.0490061,-0.0497455,0.845176,2
1.58328,1.97035,0.386171,-1.32126,-1.28984,0.116423,0.544723,0.492359,-0.236354,1.54904,-0.460834,-0.887146,0.606533,-0.624904,-0.787244,0.0292257,-0.98051,0.594639,-0.729243,-0.917731,-0.0165418,-0.870304,0.671691,-0.644135,-0.767085,0
1.24448,0.957561,-0.107018,-0.579736,-0.975513,0.0538137,0.949305,-0.186059,-0.331148,1.13169,-0.193785,-0.228608,0.861298,-0.49097,0.0594311,0.432188,-0.541165,0.889064,-0.644894,-0.226289,0.231327,-0.623175,0.7551,-0.61333,-0.232926,0
-0.0944637,-0.152185,0.394247,-0.5725,-0.800348,0.47067,1.22729,0.359714,0.249868,-0.197953,-0.81653,-0.725535,0.652371,-0.629262,-0.559136,-0.124149,-0.893303,0.699327,-0.743276,-0.787904,-0.357315,-0.902418,0.701737,-0.676389,-0.880379,0
-0.0126438,-1.00856,1.17606,1.85232,0.63234,-1.13455,-0.87813,-0.729903,-0.679927,-0.518806,-0.310188,0.145559,0.280433,-0.275225,0.723676,-0.945657,0.153965,0.498076,-0.229777,0.789863,-0.617738,0.22474,0.338344,-0.231007,0.793421,2
-0.0944237,-0.0201701,-0.783796,-0.556817,0.0822098,-0.524543,-0.176714,1.25513,0.77548,0.375386,0.443033,-0.0929944,0.269068,-0.396626,0.399375,-0.331688,-0.0311148,0.91923,-0.216604,0.220552,-0.0234384,-0.253146,0.561835,-0.413717,0.181021,2
0.314646,0.113265,0.201541,0.667883,0.282482,-0.438225,-0.401234,-0.374996,-0.455427,-0.0308548,-0.34623,0.2463,0.51026,-0.226739,0.812113,-1.33399,0.466132,0.886246,0.0612001,0.890664,-0.87816,0.38741,0.615019,-0.110156,0.896701,2
1.40074,0.765655,0.0614999,0.389519,-0.165309,-1.16597,-0.753051,0.0422193,-0.211366,1.10236,0.415737,0.85764,0.0870274,0.177193,1.02155,-0.42903,1.28173,0.615728,0.629752,1.06894,0.010385,1.07446,0.192916,0.339344,1.1035,2
1.08904,0.482584,0.951314,-0.125918,-0.828125,0.00134939,0.316525,-0.731912,-0.473768,0.912433,0.0932844,-0.44935,0.535788,-0.501834,0.127888,0.1838,-0.590651,0.546912,-0.603295,0.0540936,0.316985,-0.517277,0.566403,-0.523803,0.02019,2
0.511879,-0.526812,1.55279,1.13037,-0.18424,-0.553999,-0.672991,-1.00026,-0.589931,0.212616,0.433148,0.0603306,0.369879,-0.294296,0.645294,0.282892,0.0323541,0.511479,-0.289818,0.610191,0.451099,0.0354527,0.349149,-0.290298,0.626173,2
1.01834,0.657598,0.941679,-0.32734,-0.829834,0.116143,0.112385,-0.556548,-0.290068,0.866436,-0.199113,-0.40928,0.618477,-0.507192,0.175694,-0.178912,-0.563914,0.67376,-0.601456,0.0556229,-0.136503,-0.498136,0.642925,-0.542064,0.0727143,2
1.55749,1.4246,0.648503,-1.15813,-1.76932,-0.141541,0.955362,0.40898,-0.0235384,1.8898,-0.160551,-0.544943,0.582965,-0.557757,-0.126108,0.0945538,-0.815201,0.573939,-0.696009,-0.40851,0.094244,-0.705425,0.623735,-0.602895,-0.315206,2
0.688473,1.26531,-0.0364922,-0.518856,-0.839379,-0.784886,-0.130956,0.842078,0.317575,1.4657,0.710032,-0.166648,0.0601406,-0.303551,0.284741,-0.440494,0.0313247,1.1886,-0.243671,0.119332,-0.241492,-0.175914,0.671132,-0.32628,0.218413,2
1.13824,0.134964,0.825156,1.19832,-0.260812,-1.6314,-1.0066,-0.348669,-0.335795,1.13478,0.216694,0.477856,-0.0232785,0.00503768,0.892303,-0.0537237,0.442743,0.158692,0.0218693,0.871793,0.0649083,0.485103,-0.0167417,0.0133236,0.89895,2
1.95785,1.31206,-0.157783,0.034493,-0.546193,-1.44442,-0.605803,0.128587,-0.0984517,1.92175,0.432378,0.988946,-0.0844886,0.331668,1.0997,-0.589012,1.34382,0.376236,0.697449,1.17597,-0.22513,1.26706,0.0978622,0.526512,1.22326,2
0.514768,0.114904,-0.392988,0.372727,0.904847,-0.811732,-0.69471,-0.323851,-0.271197,0.22397,0.809634,0.221202,-0.0724045,-0.113094,0.640557,-0.0537237,0.344801,0.238863,-0.0375416,0.828115,0.274056,0.363662,0.0861679,-0.0423191,0.795261,2
0.905097,0.317105,0.247249,0.750362,-0.312567,-1.46798,-0.906186,0.205869,0.101081,1.10716,0.670142,0.67526,-0.252566,0.104289,0.905377,0.32692,0.868395,-0.18422,0.359394,0.94,0.521575,0.747224,-0.293476,0.180132,0.929875,2
1.95477,2.09946,0.778959,-1.02144,-1.32295,-0.284341,0.727864,-0.145899,-0.298144,1.57398,-0.229118,-0.254425,0.611141,-0.369459,0.335696,-0.0598407,-0.504903,0.561465,-0.53052,0.186939,0.241542,-0.38854,0.561855,-0.422893,0.189597,2
1.94038,1.70596,0.316755,-1.27163,-1.73959,0.0254376,0.831083,-0.222211,-0.0205399,2.19221,0.218793,-0.599077,0.547062,-0.547962,-0.18311,0.69395,-0.812402,0.540235,-0.679987,-0.412888,0.751002,-0.704725,0.598647,-0.586273,-0.351388,2
0.645444,0.67401,-0.147508,-0.0234286,0.441044,-1.04117,-0.708983,0.311377,-0.216894,0.906876,0.479695,0.279123,-0.0716448,-0.0879468,0.710462,-0.719888,0.543234,0.974293,0.193096,0.761737,-0.242451,0.380984,0.396246,-0.018041,0.806165,2
1.31112,1.10969,-0.105049,0.289518,0.0622395,-1.11089,-0.699368,-0.0658478,-0.443313,1.12958,0.175214,0.508991,0.377615,-0.0538935,0.955033,-1.06725,0.743976,1.02623,0.262801,1.01292,-0.474098,0.717309,0.657948,0.108337,1.03962,2
1.12678,1.92974,-0.0995913,-0.988106,-2.13045,-0.51089,1.27132,1.11634,0.59317,1.73411,0.113355,-0.684525,0.668183,-0.618787,-0.496587,0.739418,-0.902558,0.679387,-0.746415,-0.788584,0.669282,-0.874622,0.685445,-0.670372,-0.763716,0
0.758009,1.64331,-0.114384,0.111065,-0.300053,-1.51811,-0.626083,0.963668,0.104649,1.17628,0.89802,0.215525,-0.0955531,-0.143949,0.605524,-0.291497,0.298364,1.04051,0.00189912,0.53196,0.197573,0.167678,0.487371,-0.179162,0.609741,2
0.953043,0.411209,-0.611201,-1.54131,-1.37254,0.537157,1.27451,0.426261,0.26546,1.75758,-0.526842,-1.04186,0.622235,-0.657298,-1.59852,-0.233736,-1.12988,0.649942,-0.767284,-1.85778,-0.115174,-1.03448,0.699678,-0.684785,-1.543,0
-0.793621,-1.18785,0.140101,1.30115,1.36264,-0.760248,-0.859649,-0.467621,-0.372038,-0.810213,1.49198,-0.294286,0.145439,-0.412538,0.158413,1.45459,-0.00320844,-0.215614,-0.232386,0.406981,1.31803,-0.175844,0.0762727,-0.356275,0.241082,2
-0.508061,-0.116543,-0.00525744,0.0237882,-0.047067,0.501624,0.508991,-0.527222,0.107597,-0.557907,1.59906,-0.754271,0.402823,-0.579496,-0.556887,2.15111,-0.811812,0.376855,-0.661266,-0.582445,1.75945,-0.771482,0.478866,-0.599456,-0.642346,2
1.00953,0.304611,0.737539,-0.233416,-0.739458,-0.385101,0.441034,-0.00114949,-0.496787,1.15434,1.46279,-0.684245,0.356146,-0.55161,-0.475307,1.98952,-0.758988,0.328769,-0.642685,-0.501994,1.65059,-0.683316,0.424082,-0.573319,-0.481914,2
1.08117,0.719018,1.10539,0.480435,-1.32913,-1.01022,0.0665874,-0.104209,-0.185289,1.39857,1.21531,-0.507811,0.202991,-0.462084,-0.213825,1.5481,-0.613919,0.18448,-0.565953,-0.271077,1.33005,-0.501045,0.252656,-0.474288,-0.196654,2
-1.01223,-0.132295,-1.84496,-1.50343,-0.8984,0.350219,0.949065,1.72354,2.20112,0.299064,2.30685,-1.05296,0.565933,-0.657998,-1.77002,1.49082,-1.00335,0.596688,-0.749523,-0.990565,1.67413,-0.999951,0.636998,-0.676319,-1.4114,2
-1.5998,-1.22992,-1.52559,-1.3162,-0.639657,1.87571,2.04051,0.810723,0.65379,-0.418255,0.391978,-1.12002,0.584404,-0.665264,-2.29979,1.11239,-1.16081,0.617088,-0.770573,-2.36628,0.830174,-1.10293,0.667024,-0.691361,-2.28598,0
-2.08098,-1.82985,-1.89809,-1.13115,0.214125,1.37536,1.28496,1.19642,1.58021,-1.3073,1.61616,-1.0673,0.577117,-0.662206,-1.6934,1.52063,-1.01655,0.617338,-0.751462,-1.0629,1.36794,-1.02891,0.648732,-0.684015,-1.52142,2
-2.14411,-3.05045,-0.453538,1.73355,3.33429,0.622585,-0.827525,-1.74193,-1.11739,-2.89855,0.736609,-0.665514,0.457836,-0.584654,-0.235105,0.471479,-0.399794,0.358824,-0.533009,0.260842,0.498726,-0.514158,0.460525,-0.559686,-0.00444794,2
-3.05892,-4.73035,-1.48805,1.61791,5.13878,1.19898,-0.700167,-2.32141,-1.15374,-4.19306,-0.175354,-0.818899,0.539146,-0.631641,-0.534558,-0.0880369,-0.57119,0.537737,-0.649342,0.0546933,-0.258263,-0.734011,0.590071,-0.644214,-0.377775,2
-1.99202,-2.24144,-0.557967,0.866265,2.60212,1.0465,-0.0932644,-1.17682,-0.872353,-2.62412,0.20461,-0.553589,0.436037,-0.536977,-0.0387508,-0.465982,-0.0189008,0.0905955,-0.148427,0.515938,-0.335156,-0.0236584,-0.311258,-0.00450766,0.307339,2
-1.78709,-2.63268,-0.493838,1.0574,2.13915,0.688053,0.42884,-0.945157,-0.635279,-2.52924,0.43003,-0.83791,0.50999,-0.627912,-0.67319,0.908395,-0.802557,0.472089,-0.697429,-0.424102,0.46911,-0.81799,0.555608,-0.646114,-0.699438,2
-2.08016,-1.50547,-2.3161,-1.54678,-1.06605,1.25892,1.45822,1.7896,3.45814,-1.16853,2.10525,-1.05022,0.554459,-0.656978,-1.74315,2.17791,-0.975222,0.568092,-0.730642,-1.09604,1.88687,-1.01211,0.608772,-0.671171,-1.63026,2
-0.546133,-1.17748,0.500595,1.41354,0.523324,-0.417745,-0.438375,-0.650721,-0.356925,-0.737819,1.34829,-0.344301,0.0480066,-0.377775,-0.000369614,1.49886,-0.208798,-0.303651,-0.282552,0.150177,1.23273,-0.254375,-0.00739629,-0.32668,0.0767923,2
-0.132995,-0.455427,0.798179,1.1379,0.201072,-0.573919,-0.497516,-0.609052,-0.391248,-0.235295,1.25315,-0.301372,-0.0483063,-0.307599,0.00399825,1.50569,-0.255575,-0.380894,-0.253506,0.0253277,1.18772,-0.232136,-0.0935341,-0.269498,0.0559225,2
-1.27365,-1.45712,0.180752,0.814161,0.996472,1.00507,0.38707,-1.19825,-0.806175,-1.62592,1.29913,-0.849034,0.509501,-0.626633,-0.69308,1.88004,-0.802227,0.476117,-0.696369,-0.384332,1.5385,-0.805346,0.559066,-0.637238,-0.608272,2
0.517537,1.04426,-0.350079,-1.45535,-1.42325,0.0196804,1.40253,1.31562,0.312527,1.49145,1.18294,-1.10975,0.589192,-0.664964,-2.12793,1.80771,-1.16183,0.626183,-0.771342,-2.24899,1.47438,-1.08813,0.67377,-0.691201,-2.01186,0
-1.54163,-0.533679,-1.48989,-1.25812,-0.737789,1.32134,1.89038,1.33718,1.19847,-0.733841,1.04765,-1.11687,0.587093,-0.665694,-2.19133,1.7866,-1.16505,0.623585,-0.771762,-2.26492,1.37236,-1.10694,0.672081,-0.692661,-2.22902,0
0.263231,-0.0371917,-0.154414,0.467671,0.741067,-1.01475,-1.00822,-0.0414398,-0.252776,0.635779,1.46837,-0.283251,0.0759229,-0.30705,0.193635,0.996862,0.133904,-0.320053,0.0465772,0.535958,1.12829,-0.105658,-0.0292156,-0.188198,0.374756,2
-0.139352,-0.830383,0.573399,1.2934,-0.186909,-0.788444,-0.482674,-0.36689,-0.0212095,0.0824497,1.16912,-0.215984,-0.0906855,-0.255675,0.138302,1.27381,-0.197883,-0.32603,-0.239423,0.149587,1.1323,-0.155144,-0.201441,-0.117113,0.149647,2
-0.958281,0.289778,-2.54219,-1.69588,-0.136613,0.0227689,0.195634,2.48416,1.97368,0.504203,2.18534,-0.736849,0.209467,-0.476996,-1.2242,1.52633,-0.177623,0.0484262,-0.315346,-0.185199,1.78223,-0.437926,0.0970026,-0.402943,-0.530031,1
1.73705,1.02845,0.606933,0.587852,-0.977721,-1.70996,-1.29463,0.534298,0.458695,1.51522,0.73625,2.58198,-4.11199,3.71982,1.18002,0.40796,2.52954,-3.64613,3.59267,1.21826,0.49051,2.48666,-3.82912,3.54531,1.21549,2
1.33769,1.33875,-0.412868,0.00253865,-1.3167,-1.31397,-0.647313,1.41315,1.02591,1.33091,0.914202,2.70124,-5.69701,4.93383,0.779279,0.938381,2.84546,-6.40546,5.30237,0.740318,0.679977,2.74865,-5.8024,5.00679,0.869364,2
1.39925,1.05314,-0.16348,0.0676567,-1.33313,-1.4851,-0.833882,1.12934,1.29848,1.41701,0.740857,2.54323,-5.06203,4.40724,0.887026,0.656829,2.51553,-4.77718,4.0993,0.847485,0.459585,2.40061,-4.57105,3.96349,0.981859,2
-1.24384,-0.314356,-2.29081,-1.63548,-1.43902,0.343302,1.30801,2.59183,2.93405,0.104339,2.16434,-0.845196,0.278214,-0.513518,-1.70044,2.39061,-0.507851,0.28469,-0.53044,-0.977611,2.1475,-0.792392,0.32763,-0.501374,-1.04628,1
-0.549861,-1.00601,0.691871,1.1269,0.564154,-0.324321,-0.659847,-0.16393,-0.0533938,-1.13259,-0.24474,1.09561,-1.75873,1.06203,0.783617,-0.0606803,1.37073,-2.41266,1.59048,0.868865,-0.227339,1.08703,-1.82787,1.11984,0.79629,2
-1.28875,-0.322112,-2.19184,-1.63968,-0.14241,0.32768,0.196034,2.26221,2.68301,-0.453778,1.21039,-0.81608,0.353687,-0.559486,-1.22528,1.82396,-0.386691,-0.10242,-0.451289,-0.889514,1.32473,-0.657738,0.268099,-0.517087,-0.848595,1
-0.734141,-0.181251,-0.723386,-0.686084,-0.114804,0.963548,1.2623,-0.0958631,0.0136534,-0.246769,-0.833892,-0.915931,0.63268,-0.648892,-1.05292,-0.558776,-1.03896,0.629002,-0.760438,-1.1722,-0.360833,-0.991815,0.668953,-0.683525,-1.22242,0
1.70912,1.72508,0.726275,-0.829444,-0.986267,-0.545583,0.231277,0.0531239,-0.261532,1.63116,0.0185709,-0.289048,0.814021,-0.446251,0.190027,-0.0596008,-0.321663,1.10947,-0.456766,0.0895363,0.28551,-0.386741,0.793252,-0.507122,0.146548,2
2.00497,2.16819,1.23407,-0.53064,-1.51926,-1.12838,-0.0428191,0.304911,-0.300293,2.24272,0.234105,-0.321472,0.378825,-0.302032,0.167478,0.276894,-0.580086,0.437506,-0.482684,-0.0546931,0.574379,-0.351618,0.274686,-0.254705,0.111715,2
-1.65255,-0.852682,-2.5333,-1.70087,-1.85164,0.725975,1.4271,2.41694,4.05565,-0.42967,1.16947,-0.862258,0.38899,-0.566493,-1.0742,1.77765,-0.238603,-0.212306,-0.40869,-0.759568,1.22638,-0.7143,0.371828,-0.537607,-0.73512,1
-1.23529,-0.215005,-2.09733,-1.53829,-0.9396,0.455007,1.08467,2.53412,2.0978,0.0829195,1.87102,-0.8375,0.350309,-0.566503,-1.35134,1.79025,-0.623145,0.239683,-0.546932,-0.55206,1.58965,-0.779079,0.343552,-0.542264,-1.04736,1
0.678788,-0.248568,0.872103,1.38097,0.167498,-1.00611,-1.03252,-0.447981,-0.394737,-0.0837689,0.0885767,1.71674,-1.49696,1.3412,1.28321,-0.399105,1.36699,-0.800218,1.0545,1.20373,-0.197933,1.46308,-1.10477,1.0687,1.2413,2
-1.28894,-2.43396,0.668443,1.68017,1.83712,1.1893,-0.201142,-2.08069,-1.37182,-2.60329,-0.563254,-0.304941,0.50979,-0.479005,0.351798,-1.0922,-0.284681,0.707164,-0.515867,0.447011,-0.680617,-0.318784,0.577078,-0.506882,0.337545,2
-2.01565,-1.54501,-2.62727,-1.79182,-2.06802,1.14441,2.13336,2.48086,4.26677,-0.876181,2.19061,-1.00847,0.443513,-0.610341,-2.39784,1.63454,-0.932453,0.559266,-0.695949,-1.7124,1.79161,-0.968286,0.525853,-0.633969,-2.13488,1
-2.23228,-1.48529,-2.79455,-1.65547,-1.42534,1.58904,1.60426,1.83765,4.057,-1.38789,1.78878,-0.907606,0.437376,-0.61258,-1.38195,0.770853,-0.926536,0.621146,-0.718858,-0.991505,1.24308,-0.963838,0.583764,-0.662166,-1.43326,1
1.02322,0.634929,0.126788,1.72823,0.270388,-1.88161,-1.76976,0.0613399,-0.202201,0.42847,-0.104019,2.02014,-1.51123,1.56132,1.3882,-0.423273,1.90833,-1.44506,1.58696,1.26569,-0.155834,1.9217,-1.35155,1.35413,1.30019,2
1.05639,-0.0619396,0.716289,1.53676,0.342872,-1.40303,-1.07982,-0.742736,-0.560505,0.222271,-0.724046,1.86729,-0.75481,1.28472,1.46112,-1.16388,1.6204,-0.473488,1.21604,1.33691,-0.922069,1.76149,-0.661706,1.14499,1.41731,2
0.832303,0.944268,0.350508,-0.311737,-0.631231,0.435367,0.346111,-0.217693,-0.477896,0.313577,-0.638737,-0.0768623,0.488901,-0.282911,0.434827,-0.597228,-0.46923,0.519695,-0.467511,0.151156,-0.235485,-0.338684,0.493768,-0.368469,0.200732,2
0.0705455,1.19191,-0.0269768,-0.993164,0.280813,1.99948,0.213346,-1.55266,-0.969995,-0.202641,-1.23152,-0.341283,0.739258,-0.416256,0.134155,-1.12039,-0.454108,0.665374,-0.482034,0.0848685,-0.813072,-0.374327,0.700897,-0.435727,0.103049,0
-1.08914,-0.438645,0.246499,0.443423,1.02575,0.22533,0.00905554,-0.794441,-0.768943,-0.644055,-0.0424192,-0.0709951,0.176344,-0.341653,0.463953,-0.0507251,0.573829,-1.06576,0.467191,0.7359,-0.0554728,0.353127,-0.519006,0.108957,0.615129,2
-1.79003,-0.906076,-2.554,-1.82233,-1.61105,1.2096,1.39113,2.14575,4.14124,-1.039,1.35843,-0.659997,0.145009,-0.475727,-1.26732,0.0611401,-0.824856,0.558227,-0.631851,-1.5165,0.600746,-0.782087,0.401194,-0.558476,-1.59463,1
-1.87684,-1.04974,-2.52938,-1.68187,-1.37505,1.11014,1.34414,2.123,3.66012,-0.800618,1.74347,-0.166878,-0.662655,-0.00811588,-1.06817,1.57786,-0.32594,-0.172246,-0.307559,-0.110316,1.5706,-0.539756,0.0693261,-0.425861,-0.853982,1
-2.16852,-1.25875,-2.99402,-1.99935,-2.37517,1.22175,2.15466,2.80313,4.97139,-1.05463,2.12998,-0.801867,0.129097,-0.452638,-2.18272,2.11835,-0.891733,0.168537,-0.575918,-1.86505,2.05742,-0.897141,0.375436,-0.566433,-2.223,1
-0.747394,-0.843727,0.0561025,0.0679166,1.44229,1.74171,0.363262,-1.88082,-1.26498,-1.59039,-0.0679667,-0.544353,0.425752,-0.484373,-0.0450178,0.0331938,-0.544353,0.303881,-0.53022,0.0654481,0.346111,-0.522774,0.406931,-0.485892,-0.0714651,2
-0.0618197,0.363702,-0.087877,-1.42282,-0.689952,1.76681,1.18198,-1.00043,-0.459515,0.840269,-0.161171,-0.8784,0.664844,-0.614179,-0.934812,0.0873573,-1.00525,0.678038,-0.73511,-1.25973,0.484433,-0.880629,0.73537,-0.643005,-0.968766,0
-0.0493658,-0.731002,1.02268,1.2224,0.380904,-0.442433,-0.709942,-0.524503,-0.515977,-0.586173,0.229907,0.941429,-1.25763,0.971934,0.985878,0.484373,0.473298,-1.01236,0.539226,0.772742,0.557877,0.772492,-1.19252,0.855171,0.855861,2
0.166608,-0.447821,1.18067,1.05907,0.284521,-0.146638,-0.730452,-1.05145,-0.594409,-0.47023,0.166718,1.01328,-1.29816,1.05726,1.04415,0.460445,0.644245,-1.24646,0.73564,0.853053,0.485752,0.884597,-1.34264,0.971345,0.924847,2
-1.21536,-1.08371,-1.08185,-0.281702,2.7478,0.985158,-0.444672,-0.650472,-0.779888,-1.71477,0.750593,-0.242141,-0.487131,0.160911,-0.149876,0.269758,0.137832,-0.275595,-0.125828,0.478246,0.316085,0.0569621,-0.34662,0.0482965,0.423862,2
-0.536477,-1.172,-0.0723746,-0.304201,-0.214305,1.01531,0.670991,-0.12332,0.1231,-0.456646,0.0459675,-0.687703,0.588202,-0.601805,-0.439495,0.503634,-0.882558,0.59297,-0.731972,-0.635609,0.373587,-0.851343,0.640057,-0.65348,-0.682476,2
-0.965867,-0.917721,-0.742986,-0.431069,1.34162,1.55378,0.741987,-1.05294,-0.578856,-1.45485,-0.966057,-0.835091,0.614459,-0.595268,-0.690152,-1.14594,-0.801548,0.558356,-0.684655,-0.42874,-0.781257,-0.725355,0.67392,-0.603634,-0.405472,0
-0.0621395,-0.966497,0.800318,1.21575,1.00582,-0.149257,-0.77669,-0.903088,-0.655629,-1.18948,0.113454,0.942839,-1.69834,1.29863,0.884857,0.325781,0.616618,-1.27953,0.664865,0.785106,0.0422694,0.807365,-1.47421,0.969515,0.822457,2
-1.1901,-1.89605,0.350019,0.376026,0.59289,1.28754,0.684555,-1.01732,-0.256854,-1.70166,0.0538537,-0.594889,0.421694,-0.521944,-0.18388,0.380964,-0.75466,0.46986,-0.661536,-0.26623,0.229948,-0.703276,0.461114,-0.547322,-0.376116,2
0.152615,0.322602,-0.771992,-0.0203901,0.525203,-0.838519,-0.835751,0.773331,0.637488,0.10136,0.730313,0.794011,-1.46141,0.963339,0.697789,0.69377,1.16112,-1.81819,1.2458,0.854802,0.46973,0.970475,-1.62458,1.11605,0.808904,2
-0.351458,-0.501784,-0.311158,0.71502,1.94393,-0.756649,-1.3658,0.0935441,-0.445022,-0.840708,0.623495,0.389669,-0.713261,0.438675,0.716639,0.212176,0.634779,-0.454448,0.409689,0.957551,0.299733,0.498306,-0.586533,0.40841,0.818599,2
-1.0135,-1.11523,-0.401134,0.916651,1.98463,-0.298554,-0.893073,-0.0407501,-0.369849,-1.58899,0.111106,0.186239,-0.590361,0.226809,0.5321,-0.150476,0.297934,-0.342113,0.0542935,0.766325,-0.24535,0.220852,-0.404622,0.0909256,0.619167,2
0.539486,0.760408,-0.310858,0.339434,1.33399,-1.33215,-1.62176,0.310088,-0.18278,0.257624,0.418455,0.704755,-1.16482,0.702056,0.789704,0.124899,0.970745,-1.1495,0.870604,0.997922,0.0428891,0.804756,-0.98004,0.69449,0.936381,2
0.28694,-0.332117,1.00522,0.458075,0.200242,-0.392168,-0.488621,-0.325011,-0.434317,0.0310049,-0.38843,-0.120811,0.380314,-0.240312,0.380484,-0.044908,-0.399015,0.389749,-0.453628,0.155964,-0.10234,-0.237624,0.335156,-0.318874,0.275955,2
0.253106,0.375946,-0.513549,-1.41763,-0.723066,0.884337,1.435,0.418125,-0.111006,0.746155,-0.260363,-1.0098,0.602275,-0.649332,-1.40549,0.246729,-1.05398,0.614429,-0.754461,-1.31337,0.293307,-0.983798,0.677089,-0.67414,-1.28517,0
-0.419085,-0.30628,-0.517667,0.753751,2.1022,-0.714,-1.30334,-0.0582315,-0.452308,-1.04714,0.392598,0.403513,-0.59147,0.340034,0.746815,0.0791313,0.666484,-0.587143,0.424352,0.947306,0.192676,0.493678,-0.575138,0.361473,0.814201,2
0.675379,-0.207278,0.874392,0.99926,0.241982,-0.866106,-0.977381,-0.360004,-0.262162,-0.0907955,-0.00882566,1.73712,-2.79258,2.4296,1.16307,-0.00819595,1.54616,-2.42726,1.91115,1.11729,-0.127458,1.79831,-2.87983,2.44408,1.19031,2
0.447751,0.251077,0.558317,0.578257,0.619667,-1.09098,-1.00069,-0.391778,-0.314666,0.42894,-0.328009,0.32615,-0.831693,0.421584,0.557037,-0.241892,0.589381,-1.11719,0.625044,0.811243,-0.351308,0.520675,-0.872103,0.484693,0.757379,2
1.37929,1.03417,0.159702,0.409999,-0.235575,-1.27151,-1.20433,0.240782,0.0667174,1.07783,-0.125838,1.53026,-2.05571,1.69592,1.1563,-0.0078961,1.8355,-2.68742,2.29312,1.17491,-0.222161,1.74756,-2.41982,2.06464,1.22564,2
0.508141,0.0904358,0.743296,0.59222,0.0111445,-0.703206,-0.787524,0.08162,-0.553979,0.542015,-0.153845,-0.063079,-0.00562718,-0.150576,0.378815,0.127837,-0.3271,-0.0575619,-0.319813,0.087967,0.161751,-0.085778,-0.075373,-0.152915,0.301812,2
-0.8373,0.215774,-1.41696,-0.381403,1.16008,0.836271,-0.567552,0.720887,0.302112,-1.42851,-0.344601,-0.558277,0.743696,-0.57109,-0.314616,-0.610781,-0.176923,-0.04096,-0.442533,-0.28655,-0.5111,-0.230927,0.248109,-0.4699,-0.272477,2
0.258693,0.821158,-0.446392,-0.863677,-0.956112,0.721857,1.08475,0.0581415,0.0806206,0.573379,-0.749803,-0.736309,0.608462,-0.604374,-0.545163,-0.0403502,-0.888295,0.597527,-0.721897,-0.675469,-0.1842,-0.834012,0.644555,-0.643345,-0.661326,2
1.55451,0.98093,-0.151126,0.483183,-0.0190907,-1.55075,-1.52742,0.319014,0.0798809,1.33747,0.0180112,1.62557,-2.35589,1.91532,1.11391,0.178403,1.92826,-3.02835,2.49072,1.11156,-0.0780417,1.8824,-2.79402,2.35465,1.19216,2
0.750553,0.177823,0.503943,0.799508,-0.0535738,-1.04164,-0.958111,-0.257224,0.00934549,0.499636,-0.641706,1.3142,-1.65561,1.30314,1.1094,-0.513908,1.23714,-1.7951,1.35342,1.06604,-0.711262,1.33329,-1.69643,1.36273,1.13707,2
-0.0481564,-0.18389,-0.107787,-0.917321,-0.422963,1.15059,1.18413,0.170936,-0.454477,0.0784717,-1.30751,-0.844586,0.482074,-0.593939,-0.97945,-0.811603,-0.975932,0.55082,-0.727184,-1.19918,-0.936761,-0.846276,0.560426,-0.623744,-0.968946,0
1.15066,0.990165,-0.0820898,0.441534,0.521035,-1.74764,-1.79205,0.512639,-0.052894,1.21386,0.577707,1.16968,-1.60099,1.21636,1.01411,0.458586,1.47681,-1.83798,1.52425,1.10429,0.386841,1.33861,-1.57295,1.35741,1.12123,2
1.08007,0.587232,-0.421814,0.415996,-0.0846885,-1.45003,-1.26954,0.983428,0.321613,1.0364,0.521125,1.48754,-3.04132,2.42015,0.885177,0.340114,1.71704,-2.3948,2.11273,1.06749,0.203301,1.74444,-2.7925,2.44463,1.12033,2
1.42035,1.95229,-0.299713,0.0781116,0.0687064,-1.64179,-1.62966,0.953743,0.174175,1.28298,0.254336,1.53748,-1.92951,1.55625,1.12347,0.00193909,2.35795,-2.72052,2.51673,1.18626,-0.128567,2.18528,-2.30162,2.08295,1.2826,2
0.0014993,0.294096,-0.846436,-1.10896,-1.12068,-0.0535837,1.40293,1.44265,0.618787,1.02224,-0.298974,-0.598557,0.604744,-0.53119,-0.802447,0.3274,-0.839029,0.507731,-0.623735,-1.07858,0.303452,-0.834751,0.507092,-0.559046,-0.893753,0
-1.12883,-0.351098,-1.07566,-0.991744,-0.321453,1.12487,1.24356,0.767264,0.414737,-0.243551,0.200002,-0.849984,0.670472,-0.635769,-1.17072,0.595219,-1.01035,0.668153,-0.756739,-1.38773,0.670112,-0.973184,0.67401,-0.680497,-1.24154,0
-1.40493,-0.973783,-1.84159,-1.214,-0.845096,1.81802,2.09156,1.59306,0.442174,-0.427501,-0.26533,-1.10992,0.606903,-0.662985,-2.3185,0.289738,-1.17468,0.642175,-0.770723,-2.66978,0.446611,-1.10402,0.691691,-0.690272,-2.39932,0
-0.00517744,0.00577722,0.0173015,0.889014,1.22806,-0.719937,-0.145969,-0.709992,-0.73476,-0.742147,-0.945117,-0.280383,0.582795,-0.502134,0.360594,-1.58166,-0.0928845,0.792732,-0.459405,0.513859,-1.43602,-0.152905,0.699578,-0.484663,0.463363,2
0.391678,-0.00550725,0.532699,1.1538,0.398085,-1.17332,-0.769513,-0.237664,-0.380604,-0.00200895,-0.104529,0.166249,0.186089,-0.278813,0.677409,-0.154854,0.414457,0.127477,-0.106628,0.810094,-0.251427,0.260662,0.188838,-0.233446,0.740008,2
-0.799798,-1.42758,0.841688,1.57751,0.750033,-0.0519045,-0.162221,-0.929155,-0.526372,-1.61562,-0.636428,-0.333567,0.372498,-0.494418,0.250598,-0.522004,-0.24464,0.358244,-0.498736,0.399245,-0.665224,-0.292127,0.425792,-0.492409,0.293466,2
1.48126,0.637878,-0.193625,0.507991,-0.103869,-1.19804,-0.416146,-0.203101,-0.395386,1.1493,-0.0176813,0.298154,0.425302,-0.219872,0.810443,-1.05154,0.120811,0.717069,-0.277344,0.67521,-0.697878,0.320013,0.671971,-0.173405,0.840818,2
-0.119841,0.515967,-0.665874,-1.26767,-1.35932,0.466512,1.28121,1.43793,0.295425,1.22556,-0.79635,-1.0673,0.600636,-0.659397,-1.80781,0.0239483,-1.12929,0.622555,-0.765485,-1.93188,-0.205529,-1.05638,0.680657,-0.685614,-1.79998,0
0.838549,0.168817,0.26547,1.01807,0.188518,-1.1476,-0.55183,-0.311278,-0.544273,0.435317,-0.106938,0.221212,0.381573,-0.250797,0.770713,-0.761697,0.433578,0.77595,-0.0738538,0.852293,-0.532559,0.375656,0.509141,-0.157983,0.872423,2
0.263911,-0.138182,-0.220392,0.384551,-0.186739,-0.622775,-0.045028,0.0493958,0.253886,0.32774,0.468641,-0.128297,0.187198,-0.342892,0.393108,0.0550831,0.118322,0.0994912,-0.252976,0.59298,0.069676,0.0610801,0.217624,-0.275725,0.606873,2
0.927876,0.872793,-0.026677,-0.601845,-1.65622,-0.636528,0.804926,1.32019,0.34704,1.59856,-0.103509,-0.670192,0.778819,-0.589041,-0.589221,0.615499,-0.880309,0.797969,-0.718858,-0.894102,0.337835,-0.887995,0.729533,-0.660856,-0.909425,0
1.66417,1.89006,-0.0743636,-1.22432,-2.11981,-0.171466,1.11035,0.354396,0.596868,1.9677,0.211217,-0.644065,0.622605,-0.597527,-0.364182,0.777389,-0.884787,0.63262,-0.732611,-0.641896,0.621176,-0.787025,0.681416,-0.637118,-0.519126,0
-0.984778,-0.14384,-1.36667,-0.789044,0.182761,-0.219812,0.51146,1.66641,0.397106,0.544703,0.18454,-0.704445,0.891114,-0.562475,-1.04286,0.741397,-0.901589,0.867855,-0.698208,-1.4545,0.619167,-0.8571,0.855621,-0.63282,-1.28405,0
-0.85837,-0.643595,-1.1447,-1.14942,1.93721,-0.137613,-0.662046,1.37435,-0.211047,0.161351,0.805896,-0.974743,0.602065,-0.656429,-1.09265,0.600866,-0.932653,0.584614,-0.749503,-0.859339,0.503414,-0.947056,0.677179,-0.678488,-0.967366,2
1.63206,0.721957,-0.0814002,0.682585,0.00413797,-1.71057,-0.853742,-0.190067,-0.323092,1.48689,0.0012594,0.616168,0.187498,0.0205401,1.00252,-0.691941,0.57254,0.562724,0.00455782,0.952754,-0.477476,0.713931,0.359814,0.0687265,1.0636,2
1.52638,1.37488,-0.433078,-0.00834602,-0.416746,-1.20637,-0.380894,0.32744,0.0280263,1.3785,0.216544,0.480355,0.350718,-0.172535,0.828215,-0.523684,0.762976,0.892063,0.0990416,0.825216,-0.373327,0.577327,0.492119,-0.105548,0.891453,2
0.915552,0.24546,0.553359,0.970504,-0.00845586,-1.18772,-0.846016,-0.301992,-0.34687,0.602295,0.425572,0.36851,0.169737,-0.149067,0.831053,0.105229,0.433878,0.340883,-0.0739937,0.842218,0.20351,0.414537,0.219233,-0.12286,0.863577,2
-1.05376,0.0804706,-0.672541,-0.71411,-0.57164,0.12232,0.710242,1.11964,0.741207,0.407461,1.21832,-0.720617,0.420844,-0.578836,-0.733761,0.103789,-0.881838,0.65293,-0.676129,-0.751702,0.284471,-0.843317,0.617688,-0.600716,-0.962479,2
0.26521,-0.701446,1.91884,1.68021,-0.488271,-0.801068,-0.354187,-0.955762,-0.606603,-0.103669,0.287359,0.0675371,0.24491,-0.24457,0.642726,0.1847,-0.0477066,0.349399,-0.315795,0.583335,0.334656,0.0900759,0.253446,-0.234485,0.640396,2
0.0958931,0.185559,-0.544104,-1.04736,-1.2463,0.590141,1.01949,1.06371,0.524283,0.736739,0.272457,-0.917051,0.630671,-0.645914,-0.993483,0.897531,-1.05958,0.6525,-0.761527,-1.28124,0.692401,-1.00158,0.681376,-0.681656,-1.30757,0
0.595079,0.400904,-0.315596,0.432618,-0.119721,-1.1266,-0.634959,0.517856,0.333487,0.623195,0.514218,0.272017,0.0366221,-0.135144,0.734591,0.313906,0.440814,-0.0867576,-0.0390708,0.760878,0.405402,0.32738,0.0208699,-0.119012,0.748573,2
0.045038,-0.893802,1.62921,1.32424,-0.111465,-0.403242,-0.0387411,-1.00015,-0.661046,-0.475967,0.206659,-0.236774,0.372837,-0.422603,0.391618,0.372927,-0.24549,0.38815,-0.463793,0.436686,0.53048,-0.207119,0.349839,-0.410069,0.395856,2
1.39462,1.20854,0.49024,-0.771052,-1.47434,-0.0299253,0.478905,0.0875471,-0.0985117,1.64743,0.202251,-0.546732,0.577467,-0.542864,-0.0821796,0.752072,-0.747874,0.563844,-0.6738,-0.255315,0.729053,-0.670222,0.615579,-0.586743,-0.26547,2
1.392,0.727504,-0.0168917,0.727703,0.138052,-1.69968,-1.25914,0.0467171,-0.207668,1.30955,0.492549,0.486242,0.18464,-0.112685,0.881878,-0.028536,0.802247,0.36715,0.18463,0.993464,0.199372,0.732312,0.194485,0.0593911,0.995183,2
1.77946,1.46173,-0.289578,0.422083,-0.283121,-1.59592,-1.01754,0.0804905,-0.228078,1.76963,0.362383,0.623745,0.392098,-0.00223876,0.992464,-0.464483,0.668493,0.79695,0.137983,0.973783,-0.0988815,0.741857,0.518476,0.088067,1.03257,2
1.09649,0.990165,-0.689443,-0.00461785,-0.544404,-1.38714,-0.737809,0.767504,0.642006,1.56736,0.711312,0.402843,0.0523144,-0.116573,0.771163,0.373947,0.787155,-0.0886467,0.190307,0.842897,0.442473,0.593929,-0.0339333,0.00545747,0.85833,2
0.663745,-0.332787,0.466302,1.10449,0.658748,-1.5378,-0.996802,-0.479785,-0.398205,0.535518,0.198003,0.324931,0.12351,-0.165189,0.788664,-0.280163,0.439985,0.298794,-0.0783016,0.875661,-0.100611,0.445152,0.2654,-0.114674,0.893692,2
0.103849,-0.683665,0.304391,1.54002,0.937961,-1.27001,-0.759368,-0.69517,-0.630531,-0.166179,-0.205309,0.0283762,0.345191,-0.359774,0.611561,-0.67478,0.217394,0.578936,-0.243511,0.773671,-0.532699,0.16418,0.45034,-0.308769,0.729413,2
-0.095903,0.358534,-0.786675,-0.538956,-0.309688,0.393327,-0.202331,0.220112,0.260443,0.781508,-1.12675,-0.893293,0.580146,-0.624804,-0.9386,-0.525783,-0.973403,0.574898,-0.726554,-1.10807,-0.639967,-0.881708,0.624874,-0.642505,-0.997762,2
0.567472,1.13347,-0.235245,-0.997012,-1.57418,0.110816,1.53838,0.840518,0.20359,1.13403,-0.30614,-0.610371,0.831343,-0.580496,-0.641626,0.534338,-0.835721,0.852372,-0.709503,-1.06477,0.34811,-0.880459,0.759568,-0.665764,-0.969655,0
0.156853,0.682366,-1.0087,-1.12188,-1.86299,-0.193585,1.24164,2.12889,1.01945,1.45195,-0.460375,-0.777969,0.695919,-0.631721,-1.11605,0.336755,-0.975402,0.702816,-0.75525,-1.50706,0.205649,-0.986307,0.695699,-0.684005,-1.39941,0
1.0627,2.10373,-0.460814,-1.2907,-1.564,-0.145609,0.934303,0.990225,0.059311,1.9619,0.0172916,-0.437616,0.85813,-0.524553,-0.186449,0.720887,-0.752492,0.828564,-0.69419,-0.620856,0.662656,-0.787804,0.734411,-0.651661,-0.555618,0
1.4937,1.75463,0.0515048,-1.44421,-2.42467,0.0353028,1.27268,1.15177,0.145519,2.3929,-0.389559,-1.06257,0.616908,-0.659167,-1.75762,0.303531,-1.13957,0.651151,-0.768484,-2.0003,0.317195,-1.063,0.69437,-0.688133,-1.79105,0
0.779888,0.596088,-0.0525643,0.71369,0.623715,-1.44975,-1.50757,0.069426,-0.20437,0.788654,-0.249918,0.579806,-0.0724145,0.0761429,0.928736,-0.42969,1.1391,-0.270088,0.586173,1.06328,-0.439035,0.804856,-0.130876,0.175664,1.00605,2
0.251357,0.880339,-0.227759,-1.19694,-0.491809,1.04809,0.40741,-0.431069,-0.234205,0.938721,-0.603555,-0.85716,0.703066,-0.615888,-0.794641,-0.0710052,-0.968946,0.713231,-0.727554,-0.989635,0.128757,-0.881269,0.759258,-0.649482,-0.888545,2
0.0242582,-1.27863,1.33121,1.76594,-0.0665074,-0.743136,-0.537727,-0.890424,-0.650591,-0.107357,-0.324781,-0.158442,0.231177,-0.32627,0.402533,-0.166488,-0.289928,0.238313,-0.404202,0.283661,-0.0156423,-0.123599,0.203251,-0.304021,0.390918,2
0.332987,-0.81594,1.41219,1.08859,0.0561525,-0.221172,-0.539506,-1.06871,-0.647433,-0.232136,-0.267939,-0.349479,0.420234,-0.429699,0.210367,-0.110046,-0.441784,0.426291,-0.503314,0.135644,0.255345,-0.311857,0.394037,-0.418315,0.214325,2
0.431629,-0.146648,-0.293276,0.602635,0.466442,-0.833142,-1.1175,0.134654,0.0725745,0.296075,0.590261,0.594149,-0.543894,0.281992,0.822528,0.232866,1.05189,-0.440214,0.611601,0.961969,0.272807,0.794111,-0.474208,0.343122,0.944737,2
-0.136513,-0.961829,1.22813,0.731731,-0.0901559,0.110116,0.302932,-1.15413,-0.590411,-0.257594,0.0116043,-0.468261,0.418385,-0.484922,0.0613202,0.317924,-0.621816,0.421473,-0.598767,-0.093834,0.391119,-0.525913,0.4499,-0.517786,-0.0701158,2
0.891264,0.486542,0.436197,0.885156,0.0658678,-1.27735,-0.928895,0.0457675,-0.247349,0.473418,-0.0738638,0.652561,-0.18403,0.153025,0.953583,-0.364132,0.884247,-0.252906,0.36707,0.992734,-0.445452,0.771922,-0.268089,0.209288,0.990475,2
0.964468,0.474798,-0.12177,0.639607,0.145899,-1.15596,-1.17277,0.0868774,0.0965528,0.627813,0.51027,0.764006,-0.698258,0.436067,0.931354,0.353917,1.07604,-1.25934,0.836531,0.974463,0.211167,0.895622,-0.847345,0.529551,0.958511,2
0.478386,0.478236,0.411299,-0.235815,-0.032764,0.342033,0.0665274,-0.614959,-0.399304,0.0905857,-0.180172,-0.514698,0.57149,-0.504663,-0.00397785,0.0258074,-0.608062,0.545603,-0.587662,-0.213625,0.258104,-0.526912,0.559166,-0.529461,-0.0911255,2
0.594519,0.514788,0.562425,-0.534838,-0.728324,-0.165389,0.0907056,0.422983,-0.22384,1.17289,0.000289878,-0.75562,0.712691,-0.580156,-0.621016,0.519646,-0.870814,0.737759,-0.692351,-0.852333,0.648503,-0.787045,0.748334,-0.624014,-0.656839,2
0.467151,0.578097,-0.71479,-1.41193,-0.991315,1.03579,0.640286,0.974783,0.18468,0.839979,0.0447881,-0.885716,0.722726,-0.617168,-1.14785,0.733961,-1.02845,0.702126,-0.740358,-1.51463,0.793662,-0.918191,0.7564,-0.656269,-1.14009,2
1.3855,0.441284,0.773771,1.04969,-0.315356,-1.61406,-1.35924,-0.220092,-0.196534,1.25886,0.28685,1.15847,-0.649542,0.635129,1.1581,0.154175,1.39427,-0.905247,1.07808,1.19307,0.176664,1.28939,-0.77594,0.763886,1.17281,2
1.39891,0.377715,0.666954,0.868964,-0.392138,-1.54191,-1.09979,-0.0746935,-0.0387809,1.15925,0.47048,0.91997,-0.529401,0.42991,1.04369,0.298254,1.08516,-0.741727,0.707154,1.0697,0.317745,1.03208,-0.641596,0.528641,1.06036,2
0.852573,0.553659,0.869464,0.0940938,-1.23446,-0.419944,0.280553,0.140681,-0.107997,0.953174,-0.0343831,-0.508461,0.494358,-0.494858,-0.069016,0.302872,-0.739338,0.487161,-0.638317,-0.342722,0.36772,-0.61337,0.500515,-0.542864,-0.239613,2
0.28545,-0.411698,1.54852,1.56628,-1.04766,-1.23373,-0.685175,0.0934342,-0.123449,0.607623,-0.149137,-0.258773,0.181671,-0.312597,0.197244,-0.0501854,-0.479155,0.290548,-0.474508,-0.0664674,0.0807206,-0.275435,0.175244,-0.332057,0.165759,2
1.97175,1.45786,-0.270078,0.587032,-0.00886566,-1.91527,-1.68768,0.297454,-0.000139863,1.60184,0.0999911,1.12711,-0.513049,0.616538,1.18052,-0.549241,1.52934,-0.424822,1.0869,1.25456,-0.471609,1.4659,-0.521465,0.870284,1.30531,2
-0.246759,-1.15986,0.752412,1.19314,-0.802807,-0.336425,-0.0145329,-0.0576318,0.299853,-0.295285,-0.779458,-0.321393,0.181531,-0.382613,0.132755,-0.421474,-0.55161,0.180541,-0.517407,-0.100121,-0.562105,-0.452249,0.231797,-0.431519,-0.0875373,2
0.434008,0.0136734,0.00912552,-1.02971,0.0331238,1.08049,-0.327929,0.00736634,-0.302882,0.405232,-0.969435,-0.697269,0.602195,-0.579306,-0.40747,-0.492799,-0.638847,0.411129,-0.600586,-0.541175,-0.565693,-0.65464,0.617798,-0.586523,-0.406061,2
-0.57288,-1.42692,1.06574,1.73951,0.766805,-0.210137,-0.712291,-0.924877,-0.879389,-1.09051,-0.83819,-0.115743,0.18356,-0.312827,0.459895,-0.559916,-0.165859,0.0891962,-0.345951,0.437956,-0.718098,-0.0783516,0.124229,-0.287839,0.446981,2
0.561975,0.290548,0.366591,1.04553,0.813552,-1.36212,-1.2349,-0.289878,-0.447341,0.171236,-0.679038,0.646034,-0.0869973,0.135014,0.991605,-0.916451,1.09101,-0.170507,0.573449,1.11907,-0.941739,0.834272,-0.114124,0.22524,1.06216,2
1.41406,0.727374,-0.0446382,0.99921,0.401963,-1.76126,-1.50099,-0.174515,-0.315316,1.0728,-0.191636,0.826456,0.0254376,0.234375,1.11324,-0.896601,1.16131,0.250787,0.598387,1.18563,-0.685724,1.09669,0.145529,0.382403,1.21456,2
-0.559956,0.340353,-0.785356,-1.38965,-0.892853,1.31798,1.74163,0.26638,0.280823,0.303282,-1.51199,-1.07975,0.606133,-0.661666,-1.83248,-0.904577,-1.11994,0.630791,-0.767094,-1.75872,-0.788574,-1.06455,0.690612,-0.687243,-1.82625,2
-0.724905,-1.77305,1.02969,1.28024,1.42499,0.332077,-0.680447,-1.53978,-1.05934,-1.34674,-1.14006,-0.126868,0.451719,-0.357485,0.488621,-0.569691,-0.294686,0.480694,-0.456447,0.380124,-0.44918,-0.223051,0.424832,-0.406051,0.391278,2
-0.389399,-0.826315,0.935332,1.40492,1.20813,-0.30646,-1.01059,-1.1319,-0.916381,-0.961339,-0.712171,0.457806,-0.0523643,0.0742238,0.902898,-0.215135,0.333317,-0.229358,0.0580916,0.819099,-0.357105,0.434108,-0.205909,0.110276,0.8577,2
-0.763396,-1.57904,1.03273,1.29917,0.272097,0.426481,-0.0177813,-0.937791,-0.481074,-1.38315,-1.18144,-0.218883,0.301832,-0.396076,0.383093,-0.508991,-0.403153,0.373717,-0.505502,0.236444,-0.607802,-0.34819,0.364592,-0.450419,0.195524,2
-0.475297,-0.606823,0.226979,1.2931,1.47087,-0.787135,-1.24996,-0.454098,-0.447881,-0.929025,-1.00016,0.628123,-0.454058,0.223781,0.903488,-1.00331,0.89811,-0.53061,0.528451,1.00978,-1.08938,0.746435,-0.521025,0.360354,0.966007,2
-0.526092,-1.24693,1.1948,1.57832,0.59318,0.288779,-0.479485,-1.61063,-0.914332,-1.15179,-0.949925,0.24623,0.138962,-0.0863776,0.770123,-0.360174,0.105089,0.0721446,-0.147008,0.682436,-0.492599,0.199782,0.0309549,-0.0767223,0.709483,2
0.410279,1.15598,-0.371188,-0.912443,-0.890224,0.827535,0.83795,-0.0718549,-0.0146028,0.555358,-0.911984,-0.606723,0.585203,-0.568282,-0.258333,0.0547832,-0.853852,0.577077,-0.698698,-0.59256,-0.108687,-0.778349,0.614269,-0.621945,-0.520515,2
0.742676,0.482424,0.463603,0.600106,-0.128727,-0.861298,-1.06842,-0.153995,0.0503854,0.547282,-0.312077,1.17835,-0.905127,0.828824,1.17092,-0.153475,1.26817,-1.30085,1.17698,1.13875,-0.239213,1.2986,-1.24858,1.13791,1.18659,2
-0.0150926,-0.433238,0.481914,0.882378,0.534918,-0.538476,-0.729833,-0.42946,-0.267399,-0.332277,-0.932314,0.366351,-0.105338,0.0132337,0.823387,-0.69356,0.460784,-0.330858,0.166778,0.861678,-0.894452,0.446372,-0.248738,0.126838,0.850154,2
0.402763,-0.377145,1.00625,1.04172,0.484163,-0.574479,-1.22319,-0.733141,-0.590311,-0.0238982,-0.605703,0.665274,-0.199212,0.252197,0.998501,-0.194685,0.65389,-0.518146,0.384752,0.953433,-0.380294,0.708833,-0.440584,0.363112,0.990655,2
-0.0343631,-0.832342,1.49115,1.34202,0.337035,-0.109276,-0.901968,-1.0176,-0.791532,-0.626613,-0.856161,0.331838,0.234285,-0.0591609,0.83877,-0.369829,0.0985018,0.26516,-0.176653,0.691192,-0.446002,0.249098,0.144269,-0.0789612,0.774341,2
0.0842888,-0.0338634,0.827085,0.786315,0.629382,-0.199852,-1.12328,-1.00013,-0.663305,-0.0948835,-0.51154,0.650042,-0.0324241,0.247119,0.988356,-0.0611001,0.463173,-0.136923,0.22484,0.846086,-0.1423,0.627373,-0.319294,0.356705,0.947206,2
0.51015,-0.158452,0.767314,0.951914,0.5519,-0.615199,-1.55506,-0.963838,-0.548451,0.404652,-0.439385,1.15263,-0.437596,0.722436,1.21245,-0.100451,0.842447,-0.620386,0.587952,1.03242,-0.251017,1.02245,-0.637278,0.69467,1.14812,2
1.30112,1.92638,0.238723,-1.23014,-1.30285,0.597288,0.560196,-0.377715,-0.541345,1.85503,-0.506922,-0.677058,0.695539,-0.552689,-0.399224,0.358954,-0.85704,0.689262,-0.691511,-0.604154,0.191426,-0.733101,0.702016,-0.601605,-0.430829,0
0.439455,0.149277,0.750303,0.311837,0.732232,0.0138833,-0.934133,-0.759648,-0.745035,-0.194155,-0.270957,0.477107,0.524983,-0.00977507,0.863797,0.336215,0.00655678,0.473028,-0.269638,0.594259,0.185559,0.144709,0.358445,-0.160551,0.698218,2
0.279293,-0.400974,1.07045,0.933792,-0.252177,-0.319274,-0.705605,-0.599736,-0.307339,0.0916952,-0.178633,0.535928,-0.130476,0.177993,0.915882,0.391938,0.172476,-0.0671372,-0.00814596,0.688553,0.304841,0.350908,-0.184759,0.137473,0.778379,2
1.25181,0.594629,1.07229,-0.502194,-0.131985,0.422553,-0.290618,-1.30488,-0.700187,0.768574,-0.353917,0.20445,0.517227,-0.116303,0.689902,0.38744,-0.115883,0.527042,-0.304351,0.461504,0.392838,0.0413798,0.462154,-0.218383,0.580786,2
1.13715,1.66295,-0.091895,-1.29542,-1.69513,0.0214096,1.34263,0.176364,0.158902,1.91367,-0.357855,-0.672311,0.636089,-0.586843,-0.493428,0.582985,-0.916411,0.618257,-0.724325,-0.846386,0.525783,-0.831323,0.643295,-0.640376,-0.672731,0
1.55144,0.746754,1.43608,-0.185129,-0.875252,-0.126628,-0.200922,-0.5108,-0.572609,1.03985,-0.281352,-0.113065,0.678648,-0.333177,0.47081,0.574409,-0.40809,0.630831,-0.503843,0.247749,0.544414,-0.267719,0.59289,-0.416426,0.333906,2
0.362473,1.92794,-0.802967,-1.4358,-2.24488,-0.0406301,2.42969,1.31561,0.374087,1.87528,-0.526432,-1.10623,0.598667,-0.664704,-2.12856,0.358954,-1.17096,0.635339,-0.771822,-2.4032,0.454618,-1.09784,0.683835,-0.691631,-2.17147,0
1.08224,0.549291,0.600306,0.899769,0.259253,-1.14643,-1.36888,-0.480605,-0.38823,0.605224,-0.389759,1.39387,-0.71463,0.937681,1.30499,-0.415237,1.52055,-0.81668,1.26563,1.27699,-0.384921,1.4961,-0.922578,1.15528,1.31886,2
0.419795,0.131776,1.60439,0.59072,-0.0597907,0.0768724,-0.378355,-1.1721,-0.801797,-0.135564,-0.304701,0.146358,0.432018,-0.188308,0.731432,0.415697,-0.145089,0.435766,-0.354926,0.546193,0.444333,-0.00307847,0.36808,-0.254855,0.601036,2
0.0872673,-0.59293,1.47956,0.879119,0.288359,0.196574,-0.622725,-1.25257,-0.824396,-0.467711,-0.207358,0.683965,0.189817,0.198643,1.0155,0.301732,0.416466,-0.126348,0.194695,0.824586,0.333827,0.533469,-0.0949034,0.189677,0.882788,2
-0.67322,-0.0333836,-0.605044,-0.683515,2.31077,1.9639,-0.695589,-1.6761,-1.13012,-1.47978,-0.018301,-0.0117141,0.3881,-0.292617,0.569801,0.140321,0.670722,-0.944667,0.540555,0.848555,0.241192,0.485592,-0.547892,0.331838,0.800558,2
0.178972,0.792192,0.168348,-0.565603,-0.20363,0.543144,0.437586,-0.393178,-0.257614,0.114354,-0.404052,-0.177953,0.427241,-0.357905,0.383592,0.398845,-0.569781,0.411758,-0.534258,-0.0109246,0.430529,-0.349059,0.147238,-0.242551,0.0864476,2
-0.022479,-0.0859778,0.0667173,-0.67456,1.23731,1.79885,-0.131326,-1.86444,-1.09517,-0.728633,-0.385661,-0.189937,0.820038,-0.40868,0.34842,0.369329,-0.493988,0.75447,-0.580276,0.105818,0.468491,-0.379544,0.741057,-0.502644,0.179502,2
-0.0246579,0.136713,0.191786,-0.912863,-0.0491559,1.3241,0.870254,-1.01966,-0.562444,0.0555329,-0.87921,-0.900929,0.63375,-0.639857,-0.812502,-0.404142,-0.861778,0.606903,-0.730962,-0.648223,0.0290858,-0.862358,0.711832,-0.662875,-0.703386,2
-0.751562,-0.201841,-0.283891,-0.220952,1.77323,0.523044,-0.476747,0.307459,-0.665464,-1.43729,-0.320273,0.442483,0.547682,0.0066369,0.706224,-0.272656,0.929175,-1.42514,0.923478,0.529711,-0.156653,0.610391,-0.676429,0.270748,0.500935,2
0.193155,0.20431,-0.48991,-1.03532,-0.831793,0.518366,1.16754,0.928965,-0.0329838,0.726554,-0.680927,-1.06541,0.609891,-0.660357,-1.73647,0.00691665,-1.1354,0.641686,-0.768494,-1.89997,0.136553,-1.06146,0.685085,-0.688373,-1.76372,0
-0.341453,-0.77643,0.934663,1.22463,1.34266,0.0137033,-1.11238,-1.21519,-0.870084,-1.26773,-0.376856,0.795771,-0.114794,0.318034,1.07891,-0.274396,0.519666,-0.134074,0.156134,0.932054,-0.240932,0.683805,-0.219892,0.263011,1.00659,2
-0.809374,1.36715,-0.243881,-0.906656,-0.897811,0.344931,1.57387,0.998301,0.250208,0.0212896,-0.874752,-1.02145,0.602565,-0.651391,-1.58724,-0.221851,-1.13301,0.626453,-0.765695,-1.99032,-0.115104,-1.04512,0.667423,-0.682536,-1.70589,0
-0.308539,-0.863047,0.970035,0.499635,0.623675,0.604214,-0.155954,-1.16143,-0.484743,-1.1584,-0.376905,-0.0987116,0.563614,-0.385711,0.527632,0.179002,-0.415067,0.572999,-0.547352,0.273076,0.193156,-0.320593,0.575628,-0.477356,0.324661,2
-0.690752,-1.25039,-0.212396,0.161621,2.70467,1.32036,-1.53857,-1.90986,-1.01897,-1.53743,0.174145,0.628902,0.159102,0.151746,0.905737,0.721967,0.276165,-0.299014,0.0890365,0.641516,0.559466,0.360284,-0.186978,0.0938342,0.728553,2
-0.921089,0.0893963,-0.741467,-0.461104,1.82482,1.72753,-0.696539,-0.569161,-0.839709,-1.62159,0.222631,0.08195,0.601845,-0.315395,0.61337,0.55156,0.600006,-0.951004,0.51171,0.675549,0.460075,0.355646,-0.26604,0.0633591,0.698838,2
0.0344332,-0.382583,0.869894,1.05272,0.977581,-0.22411,-1.30545,-0.905677,-0.745835,-0.629772,-0.148977,1.10363,-0.36685,0.627833,1.20469,0.0600007,0.780718,-0.453738,0.466432,1.03069,-0.00797601,0.934573,-0.560955,0.573539,1.10112,2
0.846336,0.368839,1.10851,0.106688,0.059191,0.030675,-0.359324,-1.03055,-0.69494,0.254645,-0.12159,0.156603,0.59232,-0.207348,0.698328,0.548442,-0.232546,0.59212,-0.430239,0.430309,0.46973,-0.0890464,0.487052,-0.331657,0.524363,2
-0.242331,-0.883147,1.0903,1.21139,0.337655,-0.189977,-0.614329,-0.805885,-0.356995,-0.824676,-0.253346,0.614059,-0.213275,0.167738,0.956382,0.0201702,0.267829,-0.150986,-0.0229887,0.751282,-0.10165,0.404662,-0.24534,0.100181,0.81734,2
-0.550301,1.21463,-1.28091,-1.26048,3.23857,0.670702,-1.41389,-0.285011,-0.716719,-1.18216,-0.129477,-0.0444581,0.773231,-0.36749,0.418225,-0.131166,0.14293,0.233276,-0.165049,0.524313,-0.199452,0.0990016,0.30736,-0.179752,0.544163,2
0.645474,1.88677,0.0342332,-1.5171,-1.28871,0.351668,1.16427,0.636948,-0.0832991,1.39008,-0.584044,-0.985357,0.514818,-0.607133,-1.43035,0.107807,-1.07829,0.549451,-0.721897,-1.65082,0.119572,-0.961509,0.588702,-0.628472,-1.30793,0
0.55065,0.435807,0.547192,-0.454587,-0.496897,0.655369,0.316595,-0.732921,-0.18347,0.208638,-0.248278,-0.172465,0.561415,-0.403652,0.354687,0.392968,-0.565703,0.59215,-0.599327,0.0435188,0.260802,-0.455707,0.598847,-0.514348,0.123789,2
0.382663,0.181411,-0.16312,-0.894362,-0.518376,0.962899,0.787055,-0.20488,0.090066,0.0760728,-0.67427,-0.516007,0.578447,-0.519406,-0.0990513,-0.0189307,-0.829994,0.584754,-0.686254,-0.49019,-0.178672,-0.738828,0.638767,-0.603065,-0.436087,2
-0.0487361,-0.684205,1.28492,1.23765,0.595978,0.0169717,-1.02591,-1.08198,-0.872353,-0.719028,-0.533449,0.567043,0.235805,0.0690364,0.966127,-0.329049,0.242111,0.276435,-0.104429,0.763986,-0.434267,0.406181,0.101171,0.00904571,0.867755,2
0.209278,-0.574868,1.25202,1.0254,0.332777,-0.501904,-0.928246,-0.87899,-0.466891,-0.149207,-0.165879,0.957461,-0.431669,0.51019,1.12992,0.154714,0.543534,-0.42961,0.281172,0.910085,-0.00666665,0.765985,-0.549341,0.477157,1.01925,2
1.51183,1.10992,-0.178683,0.557217,0.427071,-1.48748,-1.80739,-0.0545134,-0.205879,1.24259,-0.00831591,1.59457,-0.830323,1.18184,1.36569,-0.416856,1.5678,-0.517916,1.26688,1.31022,-0.310648,1.69012,-0.855521,1.36366,1.37847,2
0.963508,2.1394,-0.428031,-0.966167,-1.88718,-0.255065,1.50344,1.0349,-0.00902551,1.74447,-0.666794,-1.08466,0.597797,-0.663205,-1.83943,-0.0251776,-1.15127,0.63286,-0.770743,-2.0278,0.053244,-1.06527,0.681516,-0.688693,-1.78432,0
-1.67299,-0.855641,-2.04152,-1.51941,-1.14938,1.05043,1.40181,2.07997,2.55819,-0.513718,2.22179,-1.03123,0.549781,-0.65355,-1.57155,1.70502,-1.07018,0.61144,-0.751892,-1.59392,1.60042,-1.00273,0.619017,-0.672001,-1.47141,2
-1.85429,-2.28455,-0.0788514,1.14738,2.32306,0.742197,-0.256874,-1.2709,-0.927026,-2.31433,0.657388,-0.728113,0.559066,-0.615798,-0.32684,0.945457,-0.65379,0.635449,-0.664844,-0.0983318,0.690892,-0.710022,0.606963,-0.630971,-0.309549,2
-2.13151,-1.78593,-2.23335,-1.42576,-0.450729,1.53957,1.3995,1.61692,2.65523,-1.46737,2.01281,-1.03229,0.546193,-0.65273,-1.66211,1.69128,-1.0443,0.576618,-0.741717,-1.72939,1.61229,-0.996952,0.596348,-0.666823,-1.74921,2
-1.57377,-2.51813,-0.176833,0.330308,2.05157,1.63753,0.169027,-1.58063,-0.913812,-2.05072,0.644485,-0.803906,0.597517,-0.629752,-0.520805,1.06147,-0.744146,0.709832,-0.691861,-0.304611,0.77717,-0.805946,0.664755,-0.65398,-0.549651,2
-0.289868,-0.182091,-0.421204,0.206519,1.53292,-0.638257,-0.932104,-0.202661,-0.207878,-0.197663,1.15902,-0.237544,0.277844,-0.372228,0.30778,0.805166,0.136963,0.294796,-0.111036,0.534768,0.953243,-0.158382,0.281712,-0.330278,0.384851,2
0.0824397,0.226219,-0.679048,-0.42884,0.397875,-0.454028,-0.697529,0.456756,0.295385,0.810953,0.724525,0.160931,0.0849185,-0.129097,0.667483,0.165989,0.221881,0.491049,-0.00331833,0.635819,0.234016,0.264161,0.0976023,-0.0575317,0.745615,2
0.294646,0.485132,-0.189567,0.542394,1.33462,-0.732801,-1.40799,-0.514318,-0.643105,0.154145,0.595688,0.187508,0.026747,-0.0340532,0.713481,0.0699558,0.283991,0.189707,0.00794616,0.795471,0.40844,0.194485,0.161191,-0.103979,0.741217,2
-1.39436,-1.86292,-0.591461,-0.092065,2.13381,1.50632,-0.079781,-1.31993,-0.848774,-1.5194,0.595528,-0.771072,0.599986,-0.628922,-0.460874,1.23464,-0.738209,0.672121,-0.698408,-0.325221,0.8377,-0.798609,0.659067,-0.655599,-0.540406,2
0.333407,0.462064,0.0124639,-0.783176,0.492969,1.16471,0.212126,-1.01854,-0.737249,-0.153005,1.08954,-0.757879,0.631881,-0.618927,-0.434757,1.6743,-0.831243,0.656518,-0.71434,-0.49108,1.473,-0.763196,0.698698,-0.644055,-0.446901,2
0.16411,0.59279,-0.147498,0.14268,0.998851,-0.966916,-0.955632,0.44858,-0.286889,0.186159,0.493219,-0.0206798,0.196074,-0.205249,0.565563,-0.354536,0.290118,0.442503,0.0117343,0.670452,0.0878971,0.145969,0.150566,-0.10243,0.659967,2
-0.0195204,0.962149,-1.74624,-1.17934,0.157413,-0.431908,-0.273546,1.19604,0.888585,1.16487,0.794681,-0.625913,0.507342,-0.498936,-0.441164,-0.259283,-0.561905,0.533489,-0.515847,-0.419345,0.107288,-0.576478,0.578897,-0.506292,-0.369029,2
-0.666324,0.385981,-0.45056,-1.00597,-0.839179,0.704415,1.20312,0.270158,0.448271,0.512219,0.955832,-1.06508,0.589381,-0.663885,-1.64366,1.62637,-1.13449,0.626143,-0.770783,-1.79628,1.32687,-1.0659,0.672081,-0.690842,-1.72157,0
-1.18303,-1.47012,-0.221242,0.164749,1.22264,1.26135,0.250827,-0.957101,-0.574399,-1.46035,1.16,-0.683625,0.434267,-0.541245,-0.275475,1.07221,-0.523194,0.487841,-0.525153,0.0240483,1.06189,-0.65355,0.515977,-0.545593,-0.270318,2
-0.566912,-1.23782,0.598587,1.25385,1.23635,-0.20317,-0.731282,-1.03513,-0.555108,-1.16941,-0.873882,0.309499,-0.0874871,-0.0457175,0.786995,-0.630571,0.439295,-0.354486,0.136843,0.8576,-0.789673,0.369539,-0.22417,0.0354528,0.790413,2
0.230937,0.0948736,0.28637,0.712621,0.587382,-0.67318,-1.06008,-0.478496,-0.0479464,-0.137383,-0.209917,0.726005,-0.437056,0.333947,0.998641,-0.0356725,0.883877,-0.876491,0.677518,1.01106,-0.14244,0.783686,-0.644814,0.476187,0.994473,2
-0.752562,-1.26556,0.915732,1.1999,0.897171,0.22467,-0.424142,-1.2352,-0.684655,-1.23338,-0.737619,-0.0188407,0.193395,-0.289898,0.574989,-0.227139,-0.110956,0.0793511,-0.308829,0.515978,-0.397825,-0.0546832,0.166269,-0.281092,0.513858,2
-0.301882,-0.391638,-0.168667,-0.0167019,2.44018,1.23279,-1.18167,-2.02242,-1.18852,-1.29968,-0.316845,0.330288,0.00857587,0.0277965,0.682956,0.36867,0.175184,-0.514708,0.195754,0.486702,0.118542,0.216114,-0.131585,0.0367921,0.59147,2
-0.252216,-0.436306,0.434987,1.03867,0.821518,-0.680567,-0.93992,-0.261132,-0.282881,-0.580556,-0.685694,0.51129,-0.381193,0.153855,0.851443,-0.494718,0.79736,-0.827505,0.503424,0.943658,-0.71416,0.609292,-0.560016,0.272177,0.861158,2
0.410859,0.191596,0.343932,-0.911843,-0.925127,0.411049,1.14257,0.111295,0.067507,0.639467,-0.77705,-0.771532,0.584724,-0.584714,-0.607083,0.126158,-0.925267,0.568781,-0.702926,-0.831043,-0.137333,-0.831733,0.620646,-0.625214,-0.732471,0
0.605154,-0.0557227,1.38097,0.396925,-0.421913,0.188438,-0.338664,-0.949975,-0.721207,0.384692,-0.381723,-0.212856,0.512199,-0.390259,0.38751,0.315466,-0.426241,0.546023,-0.525233,0.240013,0.106878,-0.298584,0.541245,-0.442493,0.323631,2
1.31869,0.778249,0.349739,0.515317,-0.0598307,-1.1332,-1.34731,-0.168108,-0.185119,1.12671,0.0708054,1.16933,-0.913373,0.867465,1.1527,0.0832093,1.33114,-1.37547,1.20704,1.10701,-0.0762426,1.27658,-1.21034,1.07908,1.16809,2
0.506552,0.992104,0.100381,-0.99993,-0.96087,0.397865,0.943078,0.0915451,0.00494765,0.872283,-0.450499,-0.725545,0.557167,-0.569441,-0.424562,0.438545,-0.876331,0.538526,-0.688603,-0.587372,0.248448,-0.782927,0.593559,-0.604944,-0.559126,2
-0.809214,-0.677268,-0.810843,-0.278024,2.38479,0.754401,-0.848585,-0.929505,-0.441354,-1.28218,-0.105968,0.156024,0.136853,-0.12181,0.332268,0.83845,0.0235485,-0.372348,0.0671772,0.0690963,0.350878,-0.0371018,-0.152195,-0.0646482,0.191846,2
0.152016,-0.343242,1.4714,1.03126,0.618417,-0.578357,-1.1073,-0.716479,-0.677648,-0.383312,-0.0529141,0.363882,0.0101451,0.0548633,0.81744,0.491509,0.0736339,-0.0289359,-0.10225,0.645974,0.32803,0.269628,-0.115483,0.0445783,0.738788,2
0.0868175,0.153165,0.586403,0.772391,0.595858,-0.835861,-0.903268,-0.721247,-0.410569,0.24574,-0.0803606,0.381603,-0.151866,0.0720649,0.804586,-0.0113744,0.626963,-0.257824,0.329709,0.971704,-0.0472568,0.563164,-0.296275,0.264551,0.906806,2
0.916571,0.688413,0.459045,0.517326,0.423982,-0.957761,-1.36317,-0.481784,-0.332837,0.688623,0.109416,0.886066,-0.590471,0.57186,1.06588,-0.00333833,1.02183,-0.726284,0.83861,1.12069,0.012384,1.11135,-0.8586,0.896691,1.13963,2
0.968556,1.1984,-0.349389,-1.47408,-1.44373,-0.10128,1.11705,1.03038,0.459955,1.69004,-0.0342732,-0.726794,0.49088,-0.520255,-0.635309,0.752192,-0.957181,0.514348,-0.679907,-0.983089,0.562645,-0.850344,0.539636,-0.574379,-0.81686,0
0.971634,0.847775,0.313706,0.887685,0.298204,-1.37583,-1.51227,-0.222281,-0.287159,0.802817,0.0659377,1.27326,-0.802787,0.856801,1.22305,-0.202481,1.26376,-0.752352,0.935702,1.18142,-0.278274,1.30584,-0.893263,0.973763,1.2422,2
0.460215,0.129027,0.334456,0.782027,0.800588,-0.954573,-1.25617,-0.177013,-0.318904,-0.0351327,0.0357725,0.997882,-0.649022,0.578227,1.09785,-0.252866,1.15701,-0.77522,0.821388,1.12022,-0.278344,1.12542,-0.811233,0.737949,1.14363,2
0.795481,0.333217,0.57307,0.30691,0.220342,0.0219793,-0.798999,-0.880819,-0.756409,0.410739,0.219972,0.419855,0.132455,0.159732,0.793262,0.75556,0.0128237,0.150996,-0.0942738,0.558897,0.650232,0.226759,0.0367921,0.0776621,0.659657,2
1.19294,0.75581,1.03887,-0.488991,-0.188578,0.250807,-0.10126,-1.04218,-0.802937,0.851683,0.154934,0.100081,0.353157,0.00143944,0.529571,0.77655,-0.293726,0.379374,-0.287809,0.267429,0.718708,-0.044818,0.145379,0.0017193,0.394727,2
0.69451,1.13244,-0.304531,0.186429,1.22159,-1.24696,-1.7422,0.159192,-0.291427,0.616758,0.497417,0.652461,-0.42788,0.361173,0.954223,0.249908,0.87908,-0.600086,0.594119,1.03289,0.253966,0.822537,-0.59161,0.557487,1.02895,2
0.336875,0.517786,0.318524,-0.505572,-0.601745,0.467071,0.707604,-0.432988,-0.180781,0.381643,0.126568,-0.410539,0.522674,-0.446981,0.109706,0.725745,-0.712051,0.560545,-0.629072,-0.213755,0.639947,-0.579246,0.546013,-0.513069,-0.14333,2
1.02333,0.441024,0.337145,0.989445,0.24561,-1.26603,-1.24383,-0.317814,-0.342182,0.629802,0.216024,1.24491,-0.67273,0.832673,1.2157,-0.340623,1.23447,-0.283031,0.885417,1.24648,-0.126698,1.38067,-0.63357,0.967606,1.26994,2
0.104999,-0.73477,1.58046,0.948145,0.16308,0.214715,-0.447061,-1.19201,-0.798799,-0.613919,0.180132,0.34714,0.131526,-0.000699511,0.821628,0.646264,0.155604,-0.370239,0.237124,0.667094,0.57224,0.329129,-0.366081,0.32667,0.738788,2
0.273786,0.0322343,0.454897,0.730442,0.684605,-0.419375,-0.866026,-0.769953,-0.692891,0.0147928,-0.0529141,0.65322,-0.353097,0.456107,0.973114,-0.277764,0.69369,-0.330068,0.527992,1.04841,-0.112485,0.790503,-0.485382,0.609132,1.02868,2
-0.348569,-0.462713,-0.192706,0.454427,1.8701,-0.115024,-1.42985,-0.908815,-0.661686,-0.418785,0.152016,0.425192,-0.0196803,0.149057,0.87854,-0.214595,0.77527,0.128597,0.282432,1.02542,-0.115593,0.618587,-0.00695651,0.189447,0.991594,2
1.15676,0.614849,0.397555,1.06481,0.373777,-1.24565,-1.33652,-0.478566,-0.42886,0.42917,-0.034733,1.43131,-0.662545,0.983239,1.32506,-0.412598,1.52392,-0.466472,1.18369,1.30737,-0.210977,1.59885,-0.809554,1.17397,1.34454,2
0.675789,0.513029,0.75614,0.672301,0.819139,-1.06643,-1.42497,-0.472659,-0.49048,0.247149,-0.0599806,0.984658,-0.435657,0.564864,1.15643,0.0824897,1.04198,-0.789733,0.79638,1.1195,0.0726445,1.06768,-0.712741,0.739428,1.15149,2
0.851233,0.512959,0.343382,0.69304,0.0313746,-1.12796,-1.29701,-0.0543834,0.049126,0.661526,0.241382,0.918151,-0.680637,0.558717,1.05939,0.214575,1.12888,-1.11481,0.974873,1.09303,0.213655,1.09675,-1.00198,0.872173,1.10287,2
0.872283,0.509221,-0.219792,-0.830003,-1.56467,0.14378,1.28368,0.0961029,0.291337,1.46816,-0.202441,-0.440474,0.608192,-0.287879,-0.874012,0.605604,-0.627513,0.395656,-0.28655,-1.1119,0.604674,-0.65361,0.272337,-0.271077,-0.984698,0
0.16445,0.260782,0.036832,-1.001,-0.188328,0.752622,1.21596,0.108677,-0.352577,-0.0558526,-1.11768,-1.02722,0.617957,-0.655809,-1.4933,-0.491,-1.12974,0.644864,-0.767754,-1.86326,-0.383192,-1.06003,0.686924,-0.687913,-1.76242,0
0.505593,1.15712,0.414177,-1.12591,-1.04299,0.864427,0.921939,0.0277564,-0.362622,0.785486,-0.719128,-1.026,0.628522,-0.65365,-1.48726,-0.0969125,-1.11401,0.655959,-0.765145,-1.70548,-0.240172,-1.01206,0.71572,-0.679957,-1.43276,0
0.499775,1.63258,-0.293376,-1.1027,-1.45537,-0.344941,0.10157,1.32773,0.624434,1.88476,-0.231836,-0.628082,0.69511,-0.582095,-0.875641,0.484853,-0.906986,0.681346,-0.731932,-1.16047,0.374417,-0.875042,0.666074,-0.643265,-0.988556,0
-0.0682665,1.26431,-0.153495,-1.60066,-1.78213,0.0390409,2.11182,1.65699,0.51016,1.26097,-0.949415,-1.11791,0.594889,-0.665514,-2.24216,-0.0419094,-1.1765,0.634229,-0.772312,-2.47298,-0.246529,-1.10864,0.680487,-0.692521,-2.27718,0
0.893363,1.09017,-0.526212,-1.11573,-1.68003,-0.0471769,2.0244,0.913123,0.278704,1.22931,-1.28155,-1.04521,0.565093,-0.647123,-1.63536,-0.465382,-1.11117,0.584254,-0.752282,-1.87902,-0.566383,-0.984918,0.588512,-0.655489,-1.51908,0
0.775221,2.31151,-0.0335836,-1.13004,-1.50921,-0.185869,0.920269,1.49779,0.239713,1.02645,-0.607653,-0.335366,0.890524,-0.454687,-0.566712,0.362673,-0.641346,0.893572,-0.634949,-0.854712,0.0927947,-0.730023,0.685564,-0.567022,-0.708683,0
0.583195,3.64581,0.530081,-1.26978,-0.757979,-0.138592,1.9487,0.476707,-0.55201,0.0522545,-0.645644,-1.00043,0.648123,-0.649862,-1.4602,0.137803,-1.10569,0.666983,-0.764945,-1.72752,0.215655,-1.0624,0.690472,-0.689962,-1.76457,0
0.439645,-0.193195,0.324051,0.97942,0.140391,-1.33103,-1.23659,0.138162,0.295016,0.363682,0.0103749,1.33395,-2.03148,1.52899,0.973434,0.124779,1.37293,-2.07347,1.49172,0.89814,0.0855482,1.04496,-1.58688,1.07719,0.884497,2
-0.0548831,-1.05182,1.28653,1.22111,0.598607,-0.394967,-0.606763,-0.711182,-0.640226,-0.820808,0.890434,0.854902,-1.51055,1.19035,0.883867,0.339274,0.722056,-0.603774,0.597837,0.970345,0.704005,0.65414,-0.865926,0.646684,0.873362,2
0.284641,-0.460005,1.10628,1.11639,-0.00415796,-0.726304,-0.712391,-0.335316,-0.318624,-0.130356,1.07586,0.738259,-1.4112,0.976772,0.769314,0.928246,0.535178,-1.10239,0.649162,0.791942,1.02904,0.610141,-1.17286,0.790483,0.748623,2
1.07534,0.675709,1.18551,0.399414,-0.925837,-1.26243,0.135813,-0.379484,-0.251767,1.40723,0.649912,-0.270557,-0.188318,-0.194814,-0.0128635,1.1383,-0.412748,-0.186719,-0.340014,-0.0212495,0.994183,-0.301952,-0.115943,-0.237733,-0.0347031,2
0.466891,1.29024,0.0172715,-0.713551,-1.56176,-0.600096,0.859089,1.17863,0.30639,1.64948,1.13235,-1.06947,0.569091,-0.657618,-1.77192,1.494,-1.10705,0.61163,-0.764566,-1.59273,1.42716,-1.04393,0.650142,-0.682326,-1.6462,0
-1.46699,-0.500155,-2.32933,-1.67826,-1.199,0.53206,1.04462,2.34505,3.09761,-0.0854081,1.78821,-0.915372,0.440434,-0.580526,-1.18244,1.31693,-0.290278,0.602225,-0.560316,-0.475017,1.36269,-0.779239,0.491869,-0.579626,-0.645534,1
-1.80458,-1.02625,-2.51513,-1.77979,-1.61364,0.903558,1.30354,2.46368,4.04058,-0.691352,1.83041,-0.904887,0.343842,-0.523164,-1.63879,2.42108,-0.0722047,-0.59134,-0.220512,-1.36525,1.89556,-0.677448,0.241092,-0.481484,-1.22363,1
-1.71247,-0.556777,-2.63131,-1.83681,-0.763526,0.411758,0.917791,2.16582,3.66611,-0.467301,0.514418,-0.910984,0.454428,-0.625134,-1.58733,1.50815,-0.546063,-0.114124,-0.506192,-1.44068,0.686604,-0.785006,0.402683,-0.604764,-1.47132,1
-1.69907,-0.546832,-2.56302,-1.81094,-1.60092,0.466042,1.68618,2.51633,3.83562,-0.38899,1.22898,-0.960919,0.464912,-0.620896,-1.81995,2.44945,-0.689862,-0.0271768,-0.528731,-1.91616,1.61767,-0.845796,0.404712,-0.596338,-1.73746,1
-2.35555,-1.73966,-2.93293,-1.89545,-2.22286,1.3552,1.93218,2.3525,5.31553,-1.32807,2.12045,-1.04117,0.493009,-0.63372,-2.46309,3.23523,-0.780058,-0.0402304,-0.501694,-2.39335,2.33931,-0.955662,0.494458,-0.63377,-2.37122,1
0.455917,0.0130836,1.07856,0.986317,-0.236164,-0.540855,-1.0015,-0.0217194,-0.2657,-0.0965227,-0.96063,1.98794,-1.64656,1.6471,1.34025,-1.04331,2.07608,-1.6971,1.94703,1.20079,-1.11339,1.98107,-1.82362,1.73031,1.28359,2
0.928715,0.424192,0.908475,0.907695,-0.439055,-0.81683,-1.04479,-0.123869,-0.129606,0.364142,-0.440764,2.52055,-2.59286,2.68408,1.48358,-0.683955,2.23293,-2.35527,2.6422,1.34145,-0.600826,2.431,-2.82334,2.80151,1.44572,2
-0.255595,-0.0687663,-0.425022,-0.00929555,1.67647,1.13263,-0.562335,-1.09329,-1.11592,-1.15541,-1.41398,-0.276055,0.652141,-0.437955,0.322982,-1.84504,-0.249918,0.44838,-0.395806,0.352288,-1.40364,-0.173725,0.478276,-0.370978,0.386471,2
0.904647,0.275755,1.5708,0.431718,-0.262022,-0.426861,-0.680057,-0.42876,-0.462903,0.222621,-0.300813,0.828285,0.0295056,0.364812,1.10783,-0.670102,0.703286,0.336855,0.404072,1.05673,-0.199102,0.706004,0.0121341,0.365621,1.05762,2
0.720857,0.730682,0.94002,0.00287848,0.61387,0.0794411,-0.206339,-1.07022,-0.948206,-0.24501,-0.59142,0.301912,0.917421,-0.145129,0.790963,-1.23034,0.118092,0.924547,-0.146138,0.723526,-0.413078,0.206309,0.724805,-0.160231,0.765315,2
0.325631,0.615719,0.240852,-0.889214,-1.20134,0.627313,1.42407,-0.0182711,-0.111735,0.725385,-0.499396,-0.81726,0.690772,-0.623195,-0.741517,-0.596028,-0.979141,0.702416,-0.748344,-0.990315,0.101011,-0.908865,0.726105,-0.667583,-0.928046,0
0.709753,-0.148007,1.76739,1.53655,-0.294006,-0.917641,-0.982689,-0.806145,-0.567122,0.0290758,-0.131416,2.67375,-1.97224,2.6782,1.57716,-0.412658,2.21059,-1.7917,2.45535,1.44009,-0.134844,2.46576,-2.31629,2.63307,1.45304,2
1.61956,1.96069,0.793931,-0.357195,-0.4087,-0.153415,-0.454987,-0.809754,-0.680497,1.03944,-0.283401,0.441124,0.522834,0.065678,0.85834,-0.51115,0.324111,0.701197,0.0638188,0.793642,-0.028346,0.355436,0.475527,0.0387812,0.784976,2
1.23195,0.251727,1.16753,0.894502,-0.826875,-1.08298,-1.01766,-0.0359125,-0.104419,0.964878,-0.287809,2.98684,-3.20583,3.38392,1.50938,-0.463283,2.83079,-2.95118,3.50054,1.37393,-0.464023,2.95507,-3.38896,3.53345,1.496,2
1.48403,1.1233,1.49499,0.986187,-0.902688,-1.29105,-1.15581,-0.267039,-0.222901,0.975762,-0.240902,3.39169,-3.12295,3.98931,1.65319,-0.688523,2.82491,-2.36196,3.55253,1.56676,-0.520415,3.37777,-3.65375,4.38982,1.62123,2
1.6624,1.11703,0.568362,0.401943,-0.763276,-1.06278,-1.00461,0.240392,0.0722447,1.04793,0.22402,3.42958,-5.24255,5.12975,1.3716,-0.00147924,3.13964,-4.67467,4.89626,1.33015,0.0240483,3.415,-5.60553,5.55011,1.38813,2
2.10809,0.600536,1.71031,0.486651,-1.31861,-0.538936,-0.089926,-0.834701,-0.541105,1.02095,-1.05173,3.04716,-0.723446,2.9924,1.78457,-2.06901,2.41449,0.192476,2.6886,1.61479,-1.52782,3.17371,-1.35709,3.52659,1.77083,2
0.160671,0.112095,0.951055,0.400834,0.212206,0.00850588,-0.563614,-0.73542,-0.415247,-0.22406,-0.83737,0.301842,0.312117,-0.164749,0.794301,-1.14702,0.261092,0.677978,-0.110206,0.793472,-0.802447,0.159772,0.436257,-0.22464,0.741577,2
0.644874,0.353767,0.603135,-0.363622,0.134514,0.724525,0.0110246,-0.935852,-0.527112,-0.214055,-0.932154,0.107358,0.473278,-0.259393,0.598667,-0.952264,-0.126068,0.683025,-0.34778,0.505743,-0.661086,-0.126218,0.599257,-0.360993,0.501474,2
0.284451,1.66668,0.523244,-0.701766,0.131306,1.23867,-0.558696,-0.171056,-1.14786,-0.0258273,-1.93517,-0.393857,0.77591,-0.463123,0.0858082,-2.14861,-0.51137,0.864596,-0.562934,0.0567323,-1.65959,-0.397186,0.827835,-0.48955,0.127477,0
-0.332347,-1.08771,1.57467,1.42643,0.502434,-0.0839788,-0.511709,-1.1974,-0.743556,-1.0918,-1.04103,1.01351,-0.390189,0.412298,1.12392,-1.08374,0.87851,-0.260163,0.456567,1.0391,-1.02008,0.83872,-0.374776,0.350259,1.05637,2
0.855041,0.348889,1.4514,0.222121,0.124249,-0.193205,-0.514238,-0.655889,-0.765935,0.0702757,-0.931904,0.337225,0.453048,-0.130716,0.851983,-1.18283,0.335916,0.761207,-0.0678767,0.855311,-0.832053,0.24557,0.517827,-0.177473,0.812672,2
1.41026,0.864347,0.0168917,0.190117,-1.53286,-1.03196,-0.563064,1.05478,1.08529,0.996422,0.0231287,3.40995,-5.40419,4.86168,1.08582,0.151716,3.4792,-6.25714,5.60671,0.865766,-0.180881,3.51067,-5.94252,5.37917,1.07365,2
0.420184,-0.466961,1.87002,1.24528,0.230937,-0.565783,-0.914043,-1.09905,-0.762716,-0.263861,-0.83809,1.6486,-1.01833,1.25923,1.37332,-1.12189,1.33322,-0.731802,1.10458,1.24406,-1.006,1.5079,-1.05907,1.20513,1.32129,2
0.769773,0.955622,0.61294,-0.659267,0.0725845,0.752062,0.181021,-1.00054,-0.91783,0.311767,-1.20838,0.00300864,0.591011,-0.158092,0.442853,-1.26513,-0.0731842,0.722286,-0.234195,0.427161,-1.01524,-0.00786613,0.483234,-0.0407399,0.44999,0
-0.683635,-0.749813,1.22875,1.00299,0.915852,-0.32741,-0.516327,-0.558716,-0.684825,-1.0043,-0.109396,-0.400824,0.284001,-0.466132,0.120041,-0.377565,-0.0244181,0.272357,-0.366461,0.42831,-0.393957,-0.349199,0.382243,-0.48947,0.182101,2
-0.0554028,0.0925747,1.11371,0.154384,0.546812,-0.00677663,0.149117,-0.906996,-0.784356,-0.372837,0.277684,-0.663765,0.474278,-0.548511,-0.196863,-0.242491,-0.532069,0.696639,-0.581385,0.0309349,-0.128907,-0.631881,0.621146,-0.57248,-0.157963,2
0.345241,1.93607,0.346161,-0.942818,-1.26653,0.343202,0.969405,0.784996,-0.198053,0.679208,-0.885766,-0.67469,0.596998,-0.601335,-0.419874,-0.854911,-0.859239,0.616618,-0.727974,-0.560216,-0.585643,-0.793692,0.65476,-0.643165,-0.524733,0
1.08644,0.108587,1.94463,0.846945,-0.818279,-0.77624,-0.648952,-0.684465,-0.596628,0.918171,-0.63254,1.25567,-0.267899,0.897441,1.29052,-1.13125,0.851703,0.287939,0.610321,1.12979,-0.724175,1.13692,-0.296905,0.849714,1.2475,2
1.94054,1.40402,-0.0885267,0.026317,-1.56801,-1.50918,-0.924527,1.08537,1.04366,1.83671,0.348609,3.97639,-6.51916,6.35137,1.14467,0.362732,3.60334,-6.34013,5.98908,0.935412,0.0979721,3.80942,-6.6032,6.35116,1.15619,2
1.09432,0.925257,0.199043,-0.764835,-0.456077,0.421853,0.884367,-0.385511,-0.593099,0.528082,-0.349159,-0.427471,0.394027,-0.2852,-0.0529139,-0.466102,-0.600636,0.40862,-0.461004,-0.124939,-0.0233685,-0.466122,0.401663,-0.320403,-0.0530641,0
1.29472,0.541585,0.944988,0.769343,-0.98001,-1.20263,-1.00709,0.73488,0.0983219,0.839509,0.152226,3.2831,-4.9041,4.82215,1.37102,0.113265,2.54209,-3.86345,3.58592,1.1739,-0.0356625,2.84473,-4.52435,4.19217,1.31837,2
-0.48944,-1.42774,0.952624,1.03109,0.814391,-0.0903857,-0.270678,-0.760028,-0.774471,-0.834861,1.17787,-0.432998,0.279733,-0.456666,0.100151,0.294056,-0.155184,0.476357,-0.395067,0.453898,0.626353,-0.379304,0.418185,-0.476167,0.207148,2
-1.03789,-1.03046,0.440095,0.833102,1.28887,0.152945,0.0210896,-0.717379,-0.768364,-1.42728,1.13731,-0.526622,0.110806,-0.291827,-0.139412,-0.12325,-0.256844,0.395426,-0.322222,0.350798,0.416726,-0.375056,0.211946,-0.296375,0.119301,2
-0.440644,-0.303891,-0.0550631,0.563384,0.641476,-0.123579,-0.338274,-0.0740638,-0.0659776,-0.854232,0.637168,1.43926,-3.10547,2.64764,0.849544,0.497696,1.45987,-2.53861,1.92762,0.882548,0.527712,1.29629,-2.52924,1.93175,0.815681,2
-0.646883,-1.08574,0.988176,0.838709,1.03855,0.406241,-0.0730143,-1.34036,-0.975762,-1.19264,1.01815,-0.576788,0.523824,-0.566922,-0.0303649,0.417616,-0.488331,0.763776,-0.588782,0.0985518,0.929915,-0.583774,0.652111,-0.595548,-0.0520746,2
0.361013,-0.524673,1.76044,1.42707,-0.188328,-0.270078,-0.576288,-1.00782,-0.875941,-0.365401,-0.112115,1.2826,-0.176004,0.740578,1.28722,-0.686414,1.10224,0.175254,0.712861,1.19888,-0.2047,1.20295,-0.313696,0.717839,1.22523,2
-0.0603904,-0.608612,1.09628,0.783186,0.427161,0.480115,-0.303242,-1.00416,-0.726934,-1.08659,-0.28514,0.513929,0.175284,0.0535239,0.929095,-0.684915,0.24432,0.48951,-0.0779518,0.807415,-0.20373,0.223161,0.229328,-0.077242,0.780448,2
0.643775,0.647183,0.170596,-0.318634,0.307879,1.37428,-0.251037,-1.12082,-1.061,-0.311268,-0.418085,-0.0448179,0.356725,-0.160421,0.447681,-0.618397,-0.214025,0.65327,-0.389619,0.421084,-0.125808,-0.212816,0.57117,-0.3474,0.375966,0
-1.23949,0.351618,-0.616398,-0.544183,1.72714,0.865776,0.184949,0.375256,-0.564593,-1.82246,0.291147,-0.760897,0.524903,-0.552769,-0.540965,-0.146398,-0.282102,-0.283251,-0.270847,-0.0455976,-0.0711351,-0.441164,0.139492,-0.395006,-0.173855,2
0.594909,1.81038,0.247359,-0.93977,-0.98001,1.03056,1.11777,-0.763406,-0.658707,0.690672,-0.788364,-0.739778,0.579426,-0.579436,-0.475707,-0.916331,-0.81673,0.593759,-0.695629,-0.420364,-0.488591,-0.737899,0.699308,-0.61255,-0.443403,0
-0.53037,-0.793012,1.11143,0.725724,0.548731,-0.26442,-0.260682,-0.277364,-0.437536,-0.77598,0.359464,-0.630081,0.34811,-0.554109,-0.30515,1.00532,-0.513459,0.0553028,-0.457296,-0.103939,0.5108,-0.623995,0.397316,-0.561085,-0.295006,2
0.866656,0.405631,0.732961,-0.672631,-0.688283,0.98109,0.461604,-0.652361,-0.689352,0.55267,-0.637658,-0.415417,0.681107,-0.485662,0.107278,-0.652591,-0.554828,0.645124,-0.583604,0.0673171,-0.312307,-0.459935,0.713131,-0.51085,0.0986116,0
0.124479,-0.0068366,-0.155804,0.248558,0.312347,0.162251,-0.396606,0.482384,-0.475657,-0.400224,-0.299793,0.77564,-0.906826,0.955672,0.729723,-0.452908,0.567142,-0.601466,0.705805,0.627193,-0.26544,0.670792,-1.15171,1.01719,0.666703,2
0.221002,1.39903,-0.397076,-0.875721,-0.659637,-0.0840688,0.914602,0.63373,-0.283761,1.15526,-1.32052,-0.716929,0.622745,-0.609941,-0.49064,-1.17042,-0.868665,0.65371,-0.731402,-0.659827,-0.917091,-0.831513,0.681706,-0.650212,-0.663215,0
2.47673,2.31182,0.867845,-0.774521,-1.76107,-0.0478365,0.344961,-0.12289,-0.484183,1.70941,-1.12624,0.828175,-0.028406,0.806215,0.998961,-2.20925,0.44945,0.0705454,0.488391,0.842218,-1.3839,1.11236,-0.860139,1.3922,1.06333,0
-0.198253,1.1178,-0.614259,-0.903318,0.506352,1.29526,-0.000719677,-0.0489161,-0.709213,-0.273926,0.462903,-0.258173,0.406021,-0.334606,0.248119,-0.0291357,-0.0133335,-0.874952,0.283361,0.233936,0.466072,-0.0741037,-0.447041,0.120001,0.137882,0
0.345221,0.114824,0.7352,0.348899,0.599856,0.424522,-0.943818,-1.03714,-0.7956,-0.299094,-0.0131735,0.549661,0.560126,0.0825997,0.894822,-0.383512,0.454977,1.031,0.00833597,0.790973,0.118752,0.290018,0.55117,-0.100371,0.769903,2
0.891534,-0.0726744,1.06075,1.24476,-0.140071,-0.772172,-0.978791,-0.610301,-0.413208,0.0649483,-0.399384,2.24989,-1.8567,2.27804,1.53202,-0.869604,1.67055,-0.822917,1.57616,1.35442,-0.554309,1.84102,-1.38419,1.77022,1.43203,2
1.68876,0.701706,0.549741,0.746814,-0.521385,-0.874062,-0.851223,-0.228558,-0.336275,0.745865,-0.201731,2.69756,-2.10467,2.87097,1.61924,-1.24473,2.04737,0.187408,2.00656,1.49695,-0.688353,2.33644,-1.2436,2.34932,1.55174,2
0.691991,1.0003,0.133245,-0.883857,-0.18332,0.455237,0.079651,-0.263831,-0.0393806,0.344481,-0.319404,-0.0613598,0.641826,-0.335126,0.415887,-0.438815,-0.381303,0.729812,-0.44918,0.195604,-0.0137732,-0.268778,0.650662,-0.3871,0.293286,0
0.886426,0.8165,-0.0226789,-0.821048,-0.273316,0.556518,0.0273766,-0.316225,-0.511339,0.922858,-0.153125,-0.313736,0.635789,-0.404492,0.199183,-0.178792,-0.569191,0.749833,-0.55058,-0.0461073,0.220972,-0.4492,0.686184,-0.477026,0.067147,0
0.02048,0.781677,0.321083,-0.540625,-0.293546,0.349149,0.691172,-0.253756,-0.341103,0.247499,0.0908755,-0.716839,0.644854,-0.566922,-0.464972,0.322842,-0.778549,0.675149,-0.656838,-0.438895,0.583345,-0.741867,0.675509,-0.607093,-0.479086,0
0.290578,1.07164,0.0941639,-1.06566,0.295325,0.555068,0.670752,-0.581315,-0.566053,0.254645,0.222171,-0.634459,0.42802,-0.479145,-0.471329,0.276894,-0.705974,0.447811,-0.588342,-0.422103,0.642016,-0.652361,0.518376,-0.53155,-0.455027,0
1.28618,0.768604,0.697729,0.933403,-0.0803507,-0.981839,-1.38207,-0.297534,-0.375556,0.514038,0.115663,2.64543,-2.32595,2.85969,1.53396,-0.639757,2.09994,-0.665814,2.13381,1.46796,-0.212226,2.35697,-1.87582,2.49271,1.46452,2
-0.65416,-1.42277,1.44889,1.56542,1.10599,0.495128,-0.454987,-1.79994,-1.14756,-1.80806,0.133025,0.636868,0.235965,0.136193,1.03399,-0.59273,0.664804,0.65424,0.187908,1.04611,0.0424093,0.552779,0.295755,0.0531041,0.985487,2
0.191536,-0.179482,1.2722,0.618097,0.300623,0.42882,-0.34723,-1.10414,-1.06847,-0.506222,0.0872373,-0.0883966,0.657758,-0.304121,0.506622,-0.669862,-0.0752831,1.01752,-0.288359,0.549341,0.0651182,-0.123669,0.658088,-0.340283,0.492139,2
0.196314,-0.125928,0.269588,-0.325411,0.182811,0.717369,-0.0710752,-0.743596,-0.200282,-0.201821,0.291717,-0.0295054,0.576048,-0.277144,0.463863,-0.140461,-0.275415,0.834951,-0.38802,0.273716,0.458136,-0.22444,0.641746,-0.365901,0.292477,2
-1.98371,-0.903707,-2.6684,-1.90094,-1.33463,0.767534,1.49554,2.76114,3.91337,-0.808934,1.95146,-0.757789,0.240282,-0.541955,-1.69412,2.21163,0.230867,-0.596808,-0.256394,-1.29671,1.82033,-0.622905,0.398035,-0.602395,-1.20132,1
1.1685,0.884687,0.528002,0.354466,-0.176694,-0.799199,-0.940879,0.0704155,-0.118412,0.500165,0.120061,2.53961,-2.56662,2.90356,1.43095,-0.371388,2.52588,-1.18061,2.59138,1.3041,-0.0796309,2.3267,-2.10373,2.45541,1.37723,2
-0.568132,-0.629901,0.397186,0.492179,0.423323,-0.135554,0.0698358,0.132735,-0.10108,-0.913173,1.03274,0.893763,-2.04329,1.52089,0.6738,0.637088,1.38972,-2.13352,1.77285,0.806265,0.814511,1.03116,-2.0566,1.39946,0.73498,2
-1.0437,0.747624,-0.28521,-0.770533,1.59411,0.764406,-0.587702,0.361273,-0.422913,-1.18163,0.0935442,-0.740148,0.658857,-0.609352,-0.516297,-0.173565,-0.607962,0.256604,-0.577697,-0.393377,0.202891,-0.61317,0.480045,-0.573249,-0.379614,2
1.15868,1.7193,0.664605,-0.357845,-0.0484063,0.451549,0.16302,-0.981879,-0.801277,-0.120461,-2.04809,2.08427,0.516567,1.743,1.60597,-3.56173,0.812002,1.69934,0.681416,1.10127,-2.51486,1.38154,0.77692,0.996722,1.3884,2
-0.235705,-0.314616,-0.229258,-0.595898,0.00171916,0.597527,0.340743,-0.181311,0.0811803,0.158133,0.741317,-0.785675,0.472699,-0.557507,-0.704855,1.44505,-0.879719,0.478136,-0.665874,-0.83797,1.22292,-0.808174,0.507752,-0.579386,-0.794241,2
0.206699,1.21708,-0.0173215,-1.06073,-0.63253,0.394547,0.586363,0.32696,-0.0249377,0.75558,0.876711,-0.895561,0.528021,-0.619467,-0.914742,1.75996,-0.981599,0.540105,-0.720427,-1.05088,1.40342,-0.901499,0.595778,-0.642945,-0.979041,0
-0.0436786,0.481864,-0.461934,-0.87855,-0.356735,0.294766,0.169957,0.455897,0.378385,0.649942,1.14879,-0.75517,0.402173,-0.523394,-0.641176,1.80429,-0.854811,0.430599,-0.63278,-0.815231,1.58909,-0.778559,0.432139,-0.532079,-0.779119,2
-0.187328,-0.143989,-0.30726,0.611071,0.237104,-1.18046,-0.770783,0.824916,0.657248,-0.00645677,0.667733,0.107368,-0.212386,-0.116773,0.481864,0.800238,0.718798,-1.16479,0.479625,0.689063,0.65368,0.34722,-0.432668,0.032934,0.580206,2
0.559336,1.19686,-0.689912,0.16278,-0.254136,-1.53705,-1.14624,1.00225,0.892043,1.13542,1.21801,0.538427,-0.903897,0.381673,0.558077,1.24165,0.903248,-1.70619,0.815141,0.61398,1.09509,0.6328,-0.934352,0.402093,0.610591,2
0.773891,0.800298,-0.790093,-0.00371829,-0.553749,-1.41772,-0.962309,1.2433,1.15125,1.20373,1.44343,0.494438,-0.87813,0.386851,0.499945,1.3501,1.20997,-2.15773,1.25736,0.703596,1.31886,0.81784,-1.24561,0.640946,0.61216,2
0.240902,-0.0333236,0.442413,1.24588,0.433328,-1.30115,-0.846206,-0.513729,-0.42879,0.363972,1.26159,-0.227349,0.0464273,-0.32674,0.193595,1.19546,-0.218793,-0.180002,-0.312587,0.187238,1.43352,-0.150067,-0.0326039,-0.278294,0.210737,2
0.921329,0.987377,0.0943638,-1.11404,-0.711312,0.784696,0.389579,-0.300113,-0.480495,1.20268,1.2238,-0.822777,0.474248,-0.577227,-0.819179,1.93414,-0.925887,0.506622,-0.697528,-0.995413,1.81611,-0.811213,0.524403,-0.595938,-0.839579,0
0.545853,0.281232,-0.0427591,0.905296,0.275895,-1.45363,-1.31304,0.352707,0.147718,0.526682,1.26129,0.312237,-0.631141,0.182941,0.524663,1.27675,0.685524,-1.34738,0.565753,0.681377,1.34447,0.425302,-0.692621,0.197244,0.543484,2
0.221791,-0.227978,0.295925,1.65784,0.697818,-1.44222,-1.65237,-0.119941,-0.373717,0.0766526,0.793861,0.299064,-0.392788,0.0672172,0.656209,0.536198,0.422413,-0.604164,0.124099,0.741337,0.819759,0.396556,-0.361553,0.0423094,0.703595,2
-0.332947,-0.259213,-0.782357,-1.03305,-0.392518,0.903138,0.440154,0.293636,0.614739,0.341263,0.602595,-0.872992,0.478166,-0.590951,-0.937781,1.25431,-0.949815,0.51049,-0.692551,-1.09146,1.0115,-0.87843,0.541165,-0.610521,-1.0233,2
-1.43727,0.545853,-1.948,-0.721177,2.23182,0.332307,-0.537747,0.187278,-0.222291,-0.583654,1.47309,-0.718668,0.433158,-0.572,-0.480355,0.581725,0.28668,-0.141531,-0.057182,0.466981,1.13429,-0.0659077,-0.0248278,-0.200632,0.352807,2
-0.792502,-1.22138,0.953183,1.28127,0.515278,0.0869175,-0.675929,-0.856741,-0.651221,-0.724705,-1.23715,-0.525832,0.434637,-0.520465,-0.0407398,-0.968336,-0.567052,0.440834,-0.594309,-0.0236283,-0.805686,-0.502334,0.445672,-0.533189,-0.0351529,2
0.0644985,-0.217513,0.688993,0.197823,-0.628602,-0.116103,0.246789,-0.208808,0.199662,0.134364,-0.529511,-0.365571,0.317834,-0.437846,0.0942441,-0.0947536,-0.561935,0.275415,-0.557117,-0.0829093,0.0545534,-0.50989,0.341163,-0.492669,-0.110966,2
1.27617,0.969115,-0.515997,0.26544,-0.0310548,-1.31985,-0.951534,0.296395,0.190627,1.14848,-0.140281,0.664705,0.105728,0.171356,1.03219,-0.841468,1.10238,0.0300352,0.556648,1.06303,-0.473618,1.03438,-0.053004,0.373357,1.12163,2
-0.104819,-0.545293,0.954703,0.952513,-0.560875,-0.550261,-0.0748834,-0.281012,0.0222792,0.0454078,-0.482294,-0.206319,0.0136034,-0.286769,0.238374,-0.0880968,-0.351478,-0.028786,-0.384722,0.131226,-0.164319,-0.2853,0.0701058,-0.320603,0.0884666,2
0.498446,1.22242,0.0218793,-0.93973,-1.07902,0.370369,1.10293,0.0730542,-0.137363,1.00374,-1.22502,-0.923488,0.648772,-0.63341,-1.0117,-0.647373,-0.995223,0.664135,-0.744156,-0.982069,-0.557477,-0.931694,0.701886,-0.667333,-1.01396,2
-0.61288,-1.18184,0.829414,1.37283,-0.0295156,-0.391328,-0.0382813,-0.293606,-0.257284,-0.707324,-0.717499,-0.343832,0.136093,-0.405941,0.0916753,-0.293476,-0.406381,0.042659,-0.460884,0.089966,-0.412188,-0.387071,0.170397,-0.423363,-0.0215995,2
-0.00656676,-0.767474,0.745655,1.8075,0.67451,-1.14919,-1.12535,-0.809704,-0.678138,-0.113384,-0.220622,0.247519,-0.095783,-0.0616397,0.725885,-0.461004,0.250207,-0.198633,-0.0626293,0.743116,-0.280902,0.382613,-0.177843,0.0176015,0.800688,2
-0.0794211,0.569341,-0.909775,-1.27743,-1.64474,0.336145,1.38762,1.57928,1.15986,0.815461,-0.719798,-0.926956,0.644704,-0.640796,-1.23962,-0.0523443,-1.07367,0.647903,-0.759738,-1.60106,-0.0451878,-1.00977,0.679967,-0.676049,-1.48537,0
0.14396,-0.681446,1.26412,1.63878,0.255165,-1.19389,-0.824566,-0.720177,-0.467521,-0.12257,-0.304091,0.336146,-0.229607,0.00405816,0.759668,-0.156473,0.321672,-0.499326,0.0717149,0.728454,-0.238933,0.373957,-0.332507,0.0568123,0.740048,2
-0.772482,-1.52254,1.46357,2.09589,1.31926,-0.725645,-0.885996,-1.07119,-0.93922,-1.55598,-1.02013,0.126588,0.112645,-0.24384,0.664325,-0.883877,0.141371,0.00913544,-0.216724,0.699138,-0.995303,0.145459,0.0739239,-0.230077,0.649012,2
1.8936,1.49003,-0.385751,0.342692,-0.0400604,-1.88423,-1.44702,0.242881,-0.124419,2.01305,-0.0434387,1.0928,-0.0907255,0.467751,1.21566,-0.884357,1.48759,0.377145,0.895901,1.23844,-0.658877,1.36602,0.137543,0.598717,1.28628,2
0.59271,0.932134,-0.0705055,-1.30417,-1.40453,0.615199,0.657918,0.44966,0.260952,1.45681,-0.578417,-0.876961,0.656409,-0.620806,-0.964747,0.0025388,-1.01861,0.664165,-0.743996,-1.23857,0.146009,-0.922039,0.690882,-0.65383,-1.03847,0
1.06943,0.614069,0.230327,0.764675,0.602195,-1.34894,-1.4821,-0.240772,-0.438525,0.759149,0.20502,0.952714,-0.295665,0.452599,1.14553,-0.568372,1.27826,0.229088,0.774091,1.25073,-0.250457,1.16204,0.0085459,0.524253,1.23049,2
1.26921,0.705395,0.330848,-0.337445,-1.42621,-0.562035,0.210697,0.18297,0.329809,1.64942,0.0641986,-0.381543,0.435967,-0.434367,0.0499557,0.476397,-0.655889,0.424102,-0.598107,-0.181241,0.668663,-0.562535,0.447721,-0.50967,-0.159492,2
0.825946,0.411369,0.293406,0.659407,-0.316615,-1.14138,-0.880549,0.0482363,0.220752,0.737319,0.356186,0.91948,-0.757059,0.558996,1.00559,0.374007,1.00898,-1.3607,0.855451,0.958441,0.458066,0.915212,-0.931704,0.577078,0.923638,2
-1.03784,-1.07262,-1.14928,-0.287829,0.910644,0.555678,-0.0114644,0.269438,0.870424,-1.24561,0.350958,-0.278883,0.357185,-0.335815,0.106828,-0.0357325,0.155964,-0.210507,-0.0502853,0.293856,0.201302,-0.0111145,-0.0158122,-0.175214,0.323631,2
1.41102,1.42418,-0.696869,0.157123,-0.217064,-1.10893,-1.15144,0.396236,0.315206,1.14216,0.138342,0.91955,-0.0893562,0.40948,1.11198,-0.748144,1.40329,-0.00584722,0.876291,1.16059,-0.411698,1.395,-0.22455,0.709033,1.24139,2
-1.39366,0.275885,-1.24017,-0.806305,1.95706,0.930634,-0.22423,-0.148267,-0.335276,-1.07693,-0.00851581,-0.797559,0.574429,-0.621885,-0.519455,-0.36749,-0.229728,-0.0534439,-0.466042,-0.295685,-0.123659,-0.371278,0.297165,-0.524293,-0.334286,2
0.676339,-0.202441,0.932284,1.37258,0.0599007,-1.05319,-0.935592,-0.630761,-0.418815,0.145659,0.252646,0.923508,-0.587402,0.483354,1.07715,0.087957,0.834921,-0.638188,0.480635,1.034,0.177073,0.887436,-0.6123,0.446981,1.03455,2
1.01999,0.350448,1.16115,-0.00607713,-0.584194,-0.559416,-0.16275,-0.24512,-0.480105,1.14222,-0.156204,-0.404892,0.529811,-0.441914,0.0846388,0.0806306,-0.519696,0.507052,-0.537247,-0.0589011,0.34846,-0.405981,0.481844,-0.4685,0.0695658,2
0.130176,-0.908155,0.9817,2.12443,0.369809,-1.34449,-1.29638,-0.603934,-0.642465,-0.0394006,-0.335636,0.237274,0.00470776,-0.115483,0.713391,-0.585953,-0.0166619,0.0652879,-0.260732,0.534039,-0.340743,0.24554,-0.057112,-0.109826,0.674869,2
0.137803,0.654629,-0.446601,-0.973663,-0.814611,0.6542,1.05698,0.108167,0.132845,0.648413,-0.481524,-0.827675,0.690502,-0.614929,-0.832122,-0.0675769,-0.994843,0.672101,-0.744096,-1.06562,-0.0496056,-0.910185,0.703905,-0.658767,-0.961309,2
1.11587,0.934512,-0.179372,0.42769,-0.0622495,-1.19575,-0.790883,0.349539,0.120021,0.619567,0.032654,0.568592,-0.0206998,0.136483,0.942039,-0.651691,0.964098,-0.120421,0.373087,0.982109,-0.405072,0.917771,-0.134104,0.270937,1.03729,2
-0.432898,0.101041,-0.73662,-1.18645,-1.44844,0.887615,1.06991,1.40254,0.846465,0.59264,-0.557677,-0.746854,0.71496,-0.629332,-1.23904,-0.0617597,-0.988916,0.69375,-0.758659,-1.62732,-0.116763,-0.995793,0.688993,-0.684395,-1.40933,0
-0.192256,-0.724385,0.20369,1.01639,0.808464,-1.08298,-0.872153,-0.116543,-0.172036,-0.0649781,0.581245,-0.16223,-0.0160221,-0.304021,0.242931,1.02116,0.217264,-0.766605,0.0427391,0.424612,0.641256,-0.0573619,-0.115184,-0.246569,0.282202,2
0.248129,-0.0536737,0.903538,0.507771,-0.640786,-0.288639,-0.392298,-0.287959,-0.0913452,0.524164,1.29611,-0.509181,0.218283,-0.439885,-0.134094,1.72954,-0.615329,0.189137,-0.528981,-0.262282,1.42274,-0.512579,0.234046,-0.436096,-0.20375,2
0.0133535,-0.339594,0.294116,1.55806,0.935712,-1.32939,-1.26623,-0.392868,-0.476876,-0.16313,1.32417,0.0357326,-0.1631,-0.161941,0.42959,1.35286,0.0485062,-0.413478,-0.153255,0.415347,1.24646,0.100201,-0.197303,-0.154514,0.444822,2
-0.0361123,0.476277,0.166758,-0.685694,-0.237334,0.654899,0.591071,-0.442533,-0.200622,0.230757,1.42177,-0.811872,0.478086,-0.59117,-0.664674,1.90332,-0.904257,0.506662,-0.698018,-0.741417,1.61077,-0.831263,0.547622,-0.616058,-0.760708,2
-0.813732,-0.34683,-1.4119,-0.706564,-0.355016,0.0928146,0.557487,1.35207,1.29376,0.00513755,1.63967,-0.650881,0.253216,-0.438965,-0.707603,1.43882,0.0334436,-0.712681,0.00732646,-0.171256,1.37278,-0.30704,-0.0326939,-0.279973,-0.229828,2
-0.549381,-0.696879,-1.11282,0.0453777,1.49126,-0.48975,-1.07091,0.719168,0.158263,-0.24437,1.61847,-0.269458,-0.0817299,-0.279123,-0.0146226,1.15845,0.262881,-0.273616,0.0329939,0.634499,1.28056,-0.0503653,-0.0494357,-0.195744,0.333237,2
0.67326,0.320583,-0.140331,0.868834,0.418025,-1.81231,-1.26283,0.411518,-0.00641679,0.91923,1.09752,0.385391,-0.561905,0.199772,0.648773,1.04623,0.941269,-1.65365,0.946077,0.830234,1.00612,0.556118,-0.790723,0.345311,0.69426,2
0.73585,0.215165,-0.0810803,0.966776,0.460565,-1.8234,-1.4004,0.414087,-0.0133534,0.827395,1.34301,0.433448,-0.626793,0.193675,0.589512,1.3459,0.941019,-1.48635,0.804706,0.802997,1.25295,0.63348,-0.826075,0.366701,0.678058,2
0.77716,0.0928446,0.378585,1.12463,0.0292057,-1.89704,-1.59252,0.318254,0.10294,1.14169,1.23824,0.323112,-0.40828,0.0249279,0.59321,1.44979,0.512509,-0.94017,0.280703,0.65362,1.22907,0.38848,-0.478186,0.0746636,0.610231,2
-0.789683,-0.188618,-1.67256,-0.974013,-0.588482,0.10235,0.315266,2.04501,1.86466,-0.06112,1.14228,-0.481464,-0.0627092,-0.272397,-0.624844,1.49214,0.764776,-2.10155,0.877041,-0.255955,0.953173,0.0942839,-0.656329,0.0724647,-0.249128,2
-0.395057,0.175184,-0.953453,-0.716849,-0.85811,-0.463053,0.263341,1.53167,1.93224,0.241242,1.3807,-0.352727,-0.221661,-0.208498,-0.525093,1.74035,0.780398,-2.00868,0.917161,-0.262581,1.13616,0.175194,-0.742946,0.155054,-0.1831,2
-0.372378,0.305131,-1.18131,-0.667703,-0.824366,-0.573679,0.256185,1.72635,1.75209,0.432568,0.990085,0.092075,-0.852113,0.228708,-0.238583,1.4348,1.0394,-2.8279,1.51799,-0.0616197,0.822038,0.462883,-1.3808,0.607903,-0.0650483,2
-1.11227,-0.793851,-0.930824,-0.81591,0.768174,1.33822,1.05427,-0.0431789,-0.417196,-0.713001,-2.30335,-1.02637,0.574819,-0.655229,-1.4464,-1.7589,-1.0807,0.618077,-0.761537,-1.41149,-2.44811,-1.0099,0.661136,-0.680956,-1.38635,0
-0.830913,-0.745795,-1.02582,-0.713381,-0.802557,0.865356,1.84524,0.79552,0.173115,0.18493,-2.11169,-0.935582,0.637968,-0.650381,-1.33438,-1.58993,-1.04103,0.675029,-0.762037,-1.49725,-2.36287,-1.00187,0.689892,-0.683515,-1.42073,0
-0.813961,-0.0761627,-0.965977,-0.832012,-0.235825,0.994833,0.790083,0.271857,0.216554,0.133375,-1.71129,-0.904937,0.615589,-0.645924,-0.973053,-1.20821,-1.03555,0.630291,-0.758509,-1.14781,-1.93471,-0.979461,0.666124,-0.679987,-1.16811,0
0.0252777,0.104769,0.158253,-0.187788,0.216044,-0.175954,0.685035,-0.376446,-0.357955,0.133725,-1.62224,-0.862528,0.544853,-0.621556,-0.75455,-1.19944,-0.93918,0.517187,-0.724145,-0.861678,-1.90448,-0.855012,0.57289,-0.640356,-0.793662,0
-0.0153325,0.479475,-0.0358025,-0.540026,-0.723106,-0.259653,0.926406,0.528971,0.0856081,0.860759,-1.43067,-0.842847,0.342902,-0.540215,-1.20346,-0.982489,-0.93866,0.379074,-0.665594,-1.32509,-1.66683,-0.83717,0.40862,-0.563574,-1.21165,0
0.598607,-0.215354,1.51402,0.729842,-0.805646,-1.13997,0.117572,0.559226,-0.131456,0.28607,-1.33332,-0.576688,-0.00147921,-0.293386,-0.482514,-0.835651,-0.663775,-0.0340334,-0.419335,-0.488571,-1.91463,-0.465212,-0.213775,-0.115173,-0.416246,2
0.22542,0.493099,0.196394,-0.399574,-0.570801,0.220982,0.763686,0.232406,-0.235874,0.263071,-2.35149,-0.916581,0.484753,-0.609811,-1.16891,-2.10854,-0.996022,0.482833,-0.711192,-1.31239,-2.7893,-0.887446,0.514698,-0.617677,-1.15105,0
-1.8569,-1.41659,-1.17259,-0.456476,0.171586,1.38611,1.56088,0.581985,0.488041,-1.50196,-1.58148,-1.06931,0.580066,-0.659167,-1.8062,-1.22836,-1.12737,0.622655,-0.767924,-1.77044,-2.06241,-1.06073,0.656499,-0.684395,-1.81138,0
-1.46947,-0.588152,-1.28212,-0.760767,-0.0943638,0.907726,1.45742,1.01455,0.57209,-0.746365,-0.921349,-1.00281,0.49089,-0.63392,-1.80611,-0.392988,-1.071,0.538916,-0.747724,-1.70951,-1.17173,-1.00575,0.588682,-0.666833,-1.77669,0
-0.503733,-0.0687463,-0.529331,-0.703306,0.622215,0.482264,1.0163,-0.0425492,-0.484773,-0.200472,-1.13688,-0.991554,0.580766,-0.65382,-1.1907,-0.733861,-1.0654,0.61158,-0.761877,-1.27317,-1.38411,-0.989806,0.664705,-0.681296,-1.22682,0
-1.28919,-1.28357,-0.856851,-0.625334,1.43801,1.02139,1.12686,-0.0865976,-0.334796,-1.43881,-1.34874,-1.03222,0.57131,-0.658557,-1.4648,-1.0808,-1.03329,0.534348,-0.740298,-1.32084,-1.64647,-0.983389,0.615629,-0.672351,-1.35982,0
-1.66507,-0.840978,-1.50773,-0.761617,0.740657,1.27637,0.784986,0.527382,0.584854,-1.332,-1.62076,0.564964,-2.11759,1.25391,-0.181761,-1.53673,0.564184,-2.79852,1.389,-0.201771,-2.21475,0.921499,-3.27868,2.13305,-0.190417,0
-1.54294,-1.62165,0.323722,1.03983,1.12455,0.664575,0.712231,-0.849904,-0.861868,-1.98979,-0.759638,-0.744285,0.278634,-0.491519,-0.678877,-0.38873,-0.843467,0.308409,-0.6132,-0.706574,-1.19574,-0.763706,0.357445,-0.527562,-0.758959,2
-1.93118,-1.88838,-1.35808,-0.771392,0.763586,1.26215,1.99344,0.806125,0.217903,-1.59666,-1.042,-1.05287,0.548322,-0.65384,-1.85318,-0.61258,-1.08002,0.553989,-0.753391,-1.73688,-1.40378,-1.02184,0.616108,-0.676878,-1.74737,0
-1.81324,-1.80309,-0.233846,0.413507,1.37587,1.46386,1.06153,-1.1402,-0.744495,-2.22203,-1.04748,-0.869534,0.405172,-0.57199,-0.973813,-0.693261,-0.924957,0.40719,-0.671721,-0.917431,-1.48412,-0.864187,0.47027,-0.593169,-1.00171,2
-1.40189,-1.08292,-0.593929,-0.587192,-0.334796,0.541505,0.87863,1.52686,0.814801,-0.561235,-1.4026,-1.05691,0.549051,-0.647603,-1.81056,-1.04781,-1.12894,0.599037,-0.762377,-1.91429,-1.80737,-1.03369,0.599077,-0.660546,-1.85524,0
-2.13834,-0.818209,-1.90418,-1.07834,-0.273066,2.11105,2.1478,0.492629,0.971704,-1.52888,-1.58639,-1.04133,0.560536,-0.648682,-1.72556,-1.22158,-1.11209,0.578427,-0.751322,-1.91017,-1.84685,-0.996072,0.515718,-0.61172,-1.85533,0
-1.19178,-0.978671,-0.911714,-0.738308,-0.0975722,1.78893,1.86622,-0.201781,-0.130026,-0.901579,-1.90101,-1.07263,0.608872,-0.662575,-1.83564,-1.76891,-1.12625,0.650201,-0.769393,-1.85182,-2.14945,-1.07199,0.692031,-0.690432,-1.90309,0
-0.777929,-0.555008,-0.733991,-0.997571,0.38724,0.628382,1.13579,0.695729,-0.0967126,-0.186539,-1.48326,-0.954053,0.628642,-0.651731,-1.17775,-1.09951,-1.07051,0.642115,-0.764296,-1.39874,-1.51781,-1.00979,0.679967,-0.685094,-1.34361,0
-0.339284,0.133864,-0.114904,-0.813422,-0.565463,0.363502,1.16619,0.700027,-0.110876,0.459135,-1.39979,-1.00109,0.619217,-0.65435,-1.36477,-0.993164,-1.08033,0.661996,-0.763356,-1.45403,-1.6237,-1.00868,0.6939,-0.682166,-1.39915,0
-0.867635,0.542344,-1.3072,-1.33365,-0.825956,0.896031,1.89118,1.75466,0.51157,-0.200242,-0.986077,-1.10274,0.594839,-0.664495,-2.05797,-0.504133,-1.1534,0.63201,-0.771532,-2.03664,-1.20037,-1.09492,0.679637,-0.691721,-2.09225,0
0.156573,1.49289,-0.255305,-0.537407,-1.49219,-1.03158,0.409809,2.33088,0.901988,1.081,-1.703,-1.03725,0.560845,-0.650501,-1.58566,-1.41563,-1.12114,0.61181,-0.764346,-1.76612,-2.1638,-1.00267,0.601706,-0.664824,-1.55369,0
-0.0477966,0.311827,-1.15736,-0.38835,0.534588,-0.865926,-0.646144,1.52681,0.607632,0.390719,1.30615,0.156543,-0.711072,0.344222,0.343542,1.0208,0.851123,-1.51718,0.949255,0.719318,0.951105,0.484093,-0.983229,0.565373,0.650721,2
1.02187,1.11892,0.516887,-0.485992,-1.40628,0.0111246,0.297974,-0.195954,-0.0500854,1.50304,1.21203,-0.604834,0.276025,-0.46922,-0.309698,1.81418,-0.760767,0.295465,-0.593409,-0.515638,1.5619,-0.644934,0.329649,-0.486172,-0.439135,2
0.425932,0.111885,0.743936,1.13183,-0.00177913,-1.28188,-1.07974,-0.150117,0.0562025,0.253706,1.26774,0.739798,-1.32785,0.759678,0.680877,1.4096,0.759838,-1.96833,1.04507,0.67445,1.20677,0.723446,-1.36399,0.749103,0.635909,2
0.876491,0.952474,-0.238943,0.422123,0.0965627,-1.71964,-1.44585,0.911364,0.500775,0.924727,1.24557,1.18704,-2.18492,1.55627,0.726475,0.986427,1.68823,-2.99016,2.21044,0.901539,0.863857,1.32123,-2.17178,1.53606,0.881218,2
-0.166708,0.384532,-0.971455,-0.993333,-1.15397,0.55053,1.368,1.17672,0.605504,0.446032,0.901909,-0.991045,0.57138,-0.651711,-1.28725,1.49634,-1.09638,0.599077,-0.762117,-1.64186,1.22776,-1.03031,0.650821,-0.682206,-1.56715,0
-0.661786,-1.46597,0.691262,1.93689,0.935292,-1.15195,-1.02416,-0.628053,-0.395186,-0.618887,0.85813,-0.0136932,-0.177433,-0.136423,0.354866,1.14334,-0.113335,-0.418385,-0.158023,0.256804,1.05236,0.00438787,-0.298124,-0.0696358,0.314606,2
1.28508,1.04917,-0.0539836,0.686863,-0.187288,-1.90167,-1.70377,0.821568,0.292837,1.36562,1.08703,1.31965,-1.9124,1.35283,0.883328,0.844087,1.8488,-2.75254,2.22235,1.05431,0.741137,1.46149,-1.99671,1.50215,1.01345,2
0.808374,1.09152,-0.616328,0.038571,-0.357645,-1.44559,-1.07834,1.273,0.861878,1.0707,1.107,0.868745,-1.80698,1.13258,0.59199,1.06477,1.30221,-3.04525,1.91785,0.684475,0.783307,0.930365,-1.84303,1.14369,0.688383,2
1.42092,0.95933,-0.0290158,0.853882,0.0134034,-2.05616,-1.83703,0.579786,0.131796,1.4269,0.853052,1.66474,-2.24235,1.77168,1.06629,0.504293,1.74525,-2.34529,1.8976,1.10471,0.40837,1.51994,-1.75903,1.39436,1.1237,2
-0.845756,-0.486342,-0.67488,0.477956,0.813762,-0.722046,-0.657658,0.678258,0.750453,-0.7363,0.195754,0.170047,-0.314776,-0.0388009,0.538996,0.247509,0.620136,-0.978671,0.385191,0.708403,-0.0402802,0.225999,-0.335746,-0.0289757,0.556817,2
1.13814,1.15253,-0.272167,0.601045,0.273726,-1.92856,-1.71862,0.792812,0.198043,1.14163,1.13286,1.35055,-1.92733,1.51466,0.921879,0.611481,1.90993,-2.20798,2.11769,1.14955,0.703726,1.55674,-1.81637,1.53465,1.08784,2
-1.61189,-0.719108,-1.49165,-0.648552,1.08777,1.55603,-0.0281462,1.78816,-0.0486961,-1.82627,0.435047,-0.840658,0.589072,-0.638607,-0.690192,-1.06809,-0.124459,1.49725,-0.365741,-0.291987,-0.753781,-0.451579,0.879879,-0.568452,-0.289888,2
-1.63378,-1.14323,-1.35445,-0.71449,0.376566,1.12482,0.85741,0.736819,1.17738,-1.5012,1.52639,-0.736139,0.467611,-0.615169,-0.596348,0.53158,1.05555,0.464392,0.180712,0.153455,0.446132,0.234245,0.274036,-0.309478,0.137303,2
-1.38095,-0.547082,-1.84835,-1.0645,0.61387,0.793861,0.537067,0.751732,1.28721,-0.852882,1.06813,-0.49075,0.106598,-0.406761,-0.503493,1.45819,-0.136083,-0.745605,-0.0436986,-0.125788,1.06389,-0.304181,-0.257824,-0.211017,-0.464813,1
-1.45312,-0.161131,-1.85524,-1.56073,-1.29272,0.924038,1.47536,2.06891,2.26266,-0.260462,0.819409,-0.915412,0.433678,-0.589881,-1.2228,0.0640187,-0.917611,0.398195,-0.670142,-0.969745,0.392638,-0.87879,0.422193,-0.579096,-1.37639,1
1.23605,1.19291,0.320173,-1.0636,-0.583894,1.26032,0.593459,-0.926466,-0.787244,0.579237,-1.42119,-0.536987,0.841328,-0.519925,-0.132245,-1.26711,-0.705824,0.811492,-0.645774,-0.213795,-1.08607,-0.59233,0.845616,-0.561925,-0.176054,2
-1.42365,-0.132995,-1.87982,-1.63997,-1.41346,0.846516,1.52449,2.42593,2.49761,-0.384782,1.53003,-0.549441,-0.0258573,-0.38757,-1.08819,0.618377,-0.671651,0.44811,-0.548312,-0.747364,0.943718,-0.71443,0.264681,-0.483323,-1.05553,1
-1.19821,0.077602,-1.58755,-1.54245,-1.2345,0.155704,0.954083,2.49709,2.2993,0.363272,1.94154,-0.529071,-0.350138,-0.124909,-1.62823,1.08714,-0.46924,0.311527,-0.421414,-0.570541,1.2738,-0.521835,-0.0666873,-0.255755,-0.895412,1
0.0373417,0.105698,0.352248,-0.558536,0.258793,1.73759,0.350179,-1.51848,-0.704075,-0.664894,-0.624194,-0.044608,0.833412,-0.384062,0.45065,-0.809983,-0.412028,0.771152,-0.549491,0.277924,-0.485002,-0.339574,0.783676,-0.479595,0.254055,2
-1.74552,-0.553679,-1.97784,-1.60505,-0.823617,0.360973,1.08602,2.58159,2.78438,-0.406371,1.957,-0.818499,0.280103,-0.542424,-1.56965,1.68349,-0.393477,0.154334,-0.48918,-0.436936,1.50861,-0.672541,0.241362,-0.508601,-0.881548,1
0.170726,-0.709283,1.27965,1.29198,0.522454,-0.0099151,-0.415067,-1.05713,-0.949485,-1.10233,-0.792772,0.851223,0.332407,0.289039,1.15883,-1.72004,0.591171,0.813571,0.158872,1.02572,-1.31585,0.821368,0.364452,0.186949,1.13851,2
1.08087,0.276445,0.855871,1.16254,-0.217723,-0.552639,-0.662316,-0.574649,-0.443553,-0.282642,-0.484243,2.12736,-0.643495,1.40913,1.49472,-1.32517,1.86841,0.3068,1.3415,1.36296,-1.07564,2.10859,-0.331628,1.34671,1.49918,2
0.113385,-0.902568,1.85424,1.61534,0.22414,-0.12167,-0.535918,-1.14682,-0.888165,-1.15494,-0.318374,1.40593,-0.316555,0.754391,1.34179,-1.03455,0.969465,0.310608,0.5102,1.18601,-0.663635,1.23018,-0.130376,0.634849,1.28776,2
-0.191796,0.140571,1.3058,0.492259,1.04882,0.330438,-0.219593,-1.01013,-1.10486,-1.36389,-0.820828,-0.0840088,0.887805,-0.366321,0.516717,-1.514,-0.233286,0.954153,-0.432178,0.476847,-0.810933,-0.14217,0.83733,-0.378814,0.504933,2
0.145669,-0.164439,0.412998,-0.5719,0.364222,2.07897,0.787454,-2.02125,-1.19081,-0.708903,-0.716159,-0.431229,0.814961,-0.49051,0.0994315,-0.792232,-0.554179,0.777279,-0.608482,0.0946338,-0.299813,-0.454607,0.827495,-0.521515,0.0891862,2
0.854472,-0.065158,1.26423,1.22707,0.0669472,-0.741077,-0.863847,-0.872523,-0.567042,-0.116543,-0.241462,1.87575,-0.739438,1.34138,1.46414,-0.803687,1.5383,-0.0232087,1.15014,1.33066,-0.361793,1.74756,-0.644215,1.22335,1.39401,2
-1.1993,0.0364222,-1.88045,-1.60019,-1.43281,0.534218,1.63753,2.53101,2.11013,0.115164,1.92577,-0.501814,-0.179382,-0.288828,-1.32554,1.63124,-0.663415,0.220242,-0.499665,-0.975652,1.69967,-0.701637,0.168877,-0.436296,-1.20734,1
1.01947,0.575898,1.26284,0.568052,-0.375956,0.0967927,-0.477546,-1.30743,-0.91866,0.412488,-0.891094,0.488691,0.935052,-0.00412783,0.948086,-1.37556,0.294716,1.12408,-0.0389609,0.854582,-0.773941,0.457876,0.843947,0.0150728,0.936701,2
-1.31915,-0.373797,-1.52689,-0.881888,1.27669,0.613799,-0.0210797,1.14488,0.600726,-1.14634,0.620056,-0.083579,-0.0946036,-0.18281,0.189178,1.18965,0.280453,-1.08556,0.330058,0.0357826,0.894922,0.014433,-0.568781,0.0904159,0.0363021,1
-0.997022,0.624214,-1.99156,-1.52694,-0.0375216,-0.00299848,0.292057,2.42986,1.61328,0.0935143,2.01281,-0.38709,-0.28655,-0.239143,-1.13085,2.20629,-0.145139,-0.450549,-0.214605,-0.270777,1.82419,-0.284191,-0.278284,-0.233556,-0.520875,1
-0.0220592,0.51034,-0.0506052,-0.834331,-0.595489,1.91457,1.0995,-0.829154,-0.684155,-0.16255,-0.789494,-0.532019,0.787275,-0.580776,-0.423622,-0.963538,-0.815541,0.75488,-0.727414,-0.69506,-0.586743,-0.737329,0.77593,-0.642645,-0.519176,0
-0.556108,0.701287,-0.615199,-0.578886,-0.526432,1.92725,1.13157,-0.50973,-0.537597,-0.536367,-0.678528,-0.6942,0.712651,-0.602335,-0.570411,-0.916451,-0.937291,0.697099,-0.740477,-0.915352,-0.389199,-0.845666,0.725705,-0.65386,-0.750703,0
-0.339254,0.12333,-0.432408,-0.504763,0.28686,2.6318,1.48341,-1.87956,-1.14258,-1.4662,-1.31735,-0.723935,0.802157,-0.584114,-0.604694,-1.61338,-0.924427,0.793891,-0.719928,-0.954113,-1.01303,-0.793052,0.845966,-0.630841,-0.728074,0
0.291647,0.498216,-0.105518,-1.18407,0.147818,2.23553,1.15151,-1.33882,-1.10904,-0.496327,-1.25748,-0.750163,0.825246,-0.572919,-0.718378,-1.49594,-0.914032,0.841828,-0.703635,-1.01068,-0.998271,-0.79688,0.881798,-0.614809,-0.787864,0
0.802287,1.24837,0.160322,-1.05961,-0.893972,1.04552,0.251817,-0.10162,-0.536177,1.01907,-1.30008,-0.254265,0.970075,-0.484543,-0.240022,-1.38881,-0.677378,0.850144,-0.686374,-0.602755,-0.802717,-0.632011,0.789024,-0.620166,-0.418755,0
0.500605,-0.444292,-0.279663,-0.887115,0.170966,1.52208,1.07357,-1.0881,-0.928515,0.0398406,-1.28406,-0.897361,0.669022,-0.639497,-0.95921,-1.60271,-1.04963,0.684205,-0.758918,-1.32828,-0.895901,-0.947766,0.739018,-0.67342,-1.16878,0
-1.06971,-0.356136,-1.09201,-0.891703,1.19295,2.05466,0.601675,-1.10067,-0.444632,-1.22055,-1.54865,0.0501955,1.32584,-0.327789,-0.226499,-1.85727,-0.534978,1.05404,-0.63277,-0.795341,-1.20679,-0.580686,0.887616,-0.61279,-0.598937,0
-0.384262,0.254495,-0.0861778,-0.79547,-0.123849,0.672531,0.740467,0.212106,-0.0329838,-0.111275,-1.29865,-0.345761,1.10713,-0.465722,-0.536677,-1.48976,-0.759718,0.916071,-0.692601,-1.03133,-0.790433,-0.754041,0.836551,-0.646064,-0.866106,0
1.53858,1.07868,0.692381,0.568741,-0.359314,-1.12333,-1.14302,-0.176714,-0.268558,1.02235,-0.165569,2.1546,-0.852103,1.58009,1.50032,-0.878,1.74613,0.160052,1.44472,1.3511,-0.523034,1.97488,-0.611031,1.45156,1.44922,2
-0.359364,0.899859,-0.595948,-0.437966,-1.28558,-0.0561125,1.40109,0.961049,0.349509,0.67516,-1.19798,-0.872883,0.610251,-0.641576,-0.886596,-0.957361,-0.995762,0.638877,-0.757949,-0.966987,-0.71382,-0.94076,0.658228,-0.674949,-0.969615,0
0.462114,-0.277454,1.28231,1.5883,0.262382,-0.680337,-0.742686,-1.00675,-0.83725,-0.473618,-1.07841,2.25197,-0.61144,1.87179,1.62893,-1.79495,1.54212,0.174604,1.27788,1.40256,-1.38238,2.05188,-0.537177,1.66387,1.56983,2
0.863787,0.436796,0.860849,-0.501714,0.497806,0.711102,-0.402203,-1.36286,-0.873452,0.14391,-0.441024,0.101241,0.870574,-0.248368,0.601416,-0.466222,-0.159162,0.957071,-0.370838,0.435707,-0.10144,-0.0476067,0.784156,-0.317774,0.516107,2
0.590571,1.2438,0.0207998,-0.412518,0.866936,0.685714,-0.824186,-1.18472,-0.855931,0.0216395,-1.11149,0.168358,0.722566,-0.221801,0.658148,-1.06353,-0.0253076,0.913373,-0.310588,0.506162,-0.927796,0.0250877,0.665224,-0.271557,0.578187,2
1.0516,0.969305,0.436017,-0.901089,-0.262022,0.374537,0.201301,-0.604814,-0.350878,0.726784,-1.19491,-0.397335,0.679627,-0.474158,0.167078,-1.15249,-0.581255,0.61154,-0.59146,0.0506953,-0.906046,-0.473548,0.704135,-0.522584,0.107367,2
2.10965,1.51498,0.616078,0.644364,-1.13216,-1.42903,-1.05833,0.191516,0.0785816,1.42198,-0.440714,3.70601,-3.47465,4.21334,1.65274,-0.822277,3.34908,-2.32418,4.00824,1.44463,-0.851663,3.65225,-3.32719,4.34031,1.63663,2
1.28224,2.18623,0.255735,-0.812992,-0.810353,0.253616,0.0158622,-0.377945,-0.226869,0.987357,-0.4297,0.481844,0.473418,-0.00958516,0.807605,-0.484943,-0.00386812,0.704905,-0.271417,0.568252,-0.189447,0.14324,0.646673,-0.208988,0.677608,0
1.91508,1.58113,0.626733,0.421353,-1.02985,-1.11921,-1.06525,0.290977,0.0381314,1.22837,-0.578007,3.10018,-2.70305,3.24882,1.58834,-0.89858,3.18809,-2.56343,3.78369,1.40277,-1.01877,3.46067,-3.29162,4.07435,1.62047,2
1.65924,1.007,0.896731,0.727703,-0.948736,-1.19244,-1.07362,0.188728,-0.044678,1.08269,-0.771162,3.25493,-3.14998,3.5894,1.59398,-0.979371,2.86739,-2.35114,3.29433,1.37422,-1.14004,3.14003,-3.05101,3.63604,1.58451,2
1.22004,0.512879,0.915532,1.17223,-0.165969,-0.946906,-1.23928,-0.384762,-0.549931,0.386971,-1.39867,2.53996,-1.19906,2.17022,1.63985,-1.86225,2.02162,-0.492339,1.88332,1.45556,-1.81986,2.48307,-1.29607,2.28432,1.62711,2
2.25094,1.36006,0.733851,0.44899,-0.846726,-1.41356,-1.16299,0.130696,-0.0528341,1.4588,-0.26574,3.31175,-3.05208,3.75279,1.62514,-0.59207,2.9548,-2.38597,3.57868,1.45322,-0.63237,3.28018,-3.27156,4.05825,1.61908,2
2.05409,1.19086,0.412638,0.318264,-1.35344,-1.22797,-0.963158,0.454847,0.401144,1.61132,0.0534938,3.57882,-4.80191,5.02458,1.5152,-0.161991,2.82447,-3.55636,3.94453,1.34018,-0.256534,3.23349,-4.55551,4.77287,1.49433,2
0.936931,0.982009,0.350129,0.544193,0.374237,-0.316275,-0.807615,-0.502254,-0.553179,-0.287799,-0.0585013,2.66026,-2.91699,3.49947,1.51799,-0.624154,1.98122,-1.52382,2.21577,1.40898,-0.519036,2.44551,-2.53976,2.97728,1.51557,2
-0.288009,-1.06079,1.80484,1.38251,0.121251,0.0066368,-0.59284,-0.79562,-0.563014,-1.13224,-0.154254,1.48691,-1.03603,1.1799,1.31117,-0.501494,0.895601,-0.405591,0.602465,1.08899,-0.372568,1.15168,-0.902958,0.896401,1.17922,2
1.31119,0.677408,0.514738,0.603234,-0.794261,-0.923478,-0.798159,0.419984,0.340493,0.413138,-0.0130736,3.08724,-4.14563,3.96415,1.34025,-0.212316,2.50581,-3.14918,3.02936,1.14874,-0.471059,2.7707,-3.67364,3.4092,1.31846,2
0.871313,0.746155,0.452928,-0.352018,-0.290048,0.380234,-0.239123,-0.457836,-0.34743,0.380184,-0.513788,0.385751,0.559956,-0.0850282,0.726205,-0.801588,-0.00524744,0.83701,-0.275225,0.564344,-0.498876,0.0519846,0.675699,-0.250807,0.620066,2
0.873113,0.451669,1.47597,1.39511,-0.460455,-0.829264,-0.946317,-0.610981,-0.638397,0.180782,-0.727634,3.0173,-1.89782,3.04286,1.71002,-1.14414,2.13088,-1.09491,2.07006,1.45263,-1.0664,2.64737,-1.83117,2.63716,1.62675,2
1.74071,1.05109,0.702596,0.51047,-1.02622,-1.26136,-0.967866,0.468381,0.104639,1.24388,-0.410859,3.23137,-3.78095,3.9559,1.53635,-0.680297,2.64222,-2.87598,3.31717,1.34507,-0.804446,2.96811,-3.56131,3.76974,1.5359,2
1.56015,0.845576,0.681546,-0.807684,-0.336046,0.77577,-0.0445482,-1.29335,-0.847435,1.02745,-1.28365,0.240882,0.889574,-0.123849,0.671142,-1.46295,0.0784916,1.01933,-0.218623,0.568042,-1.20651,0.207948,0.849064,-0.112175,0.670022,0
0.830823,0.256355,0.677229,0.00621685,0.277514,0.377155,0.110226,-1.33279,-0.85841,-0.0497656,-2.03502,-0.247869,0.96053,-0.391128,0.305211,-2.70878,-0.382123,1.10359,-0.44912,0.20351,-2.16332,-0.212206,1.00684,-0.381673,0.368699,2
0.489111,0.173195,0.317355,-0.538606,-0.146498,1.02191,0.687184,-1.08287,-0.614369,0.014383,-1.74892,-0.3477,0.582815,-0.466851,0.182451,-1.73155,-0.583025,0.608702,-0.610271,0.0644286,-1.56233,-0.474598,0.661326,-0.516267,0.0940338,0
1.90633,1.70791,0.750473,0.760088,-0.793881,-1.53635,-1.06637,-0.0927147,-0.0528341,1.15954,-0.167518,3.86073,-3.59946,4.67424,1.68125,-0.85827,3.10115,-1.51942,3.7267,1.59915,-0.637618,3.56527,-2.99412,4.32861,1.65391,2
1.03307,1.03384,0.935682,-0.394687,-0.144199,0.486712,-0.410039,-0.77574,-0.919769,0.585793,-0.158402,0.325041,0.976972,-0.159122,0.691522,-0.512169,0.262272,1.32023,-0.14228,0.618777,-0.038631,0.173625,0.909065,-0.227498,0.623794,2
-0.560576,0.325601,-0.153245,-0.452528,0.610821,1.65899,0.433358,-1.31269,-0.733491,-0.921479,-0.22559,-0.322272,0.659587,-0.487221,0.181641,-0.270558,-0.657528,0.670432,-0.647203,-0.0653979,0.0733342,-0.548711,0.717399,-0.564913,-0.0138333,0
-0.30535,-0.0344231,0.119991,-0.382183,0.494638,0.724475,0.567382,-1.11701,-0.890244,0.154325,-0.110676,-0.848774,0.569141,-0.620386,-0.661016,-0.12331,-0.927266,0.568981,-0.727064,-0.69399,0.240502,-0.83764,0.635919,-0.647053,-0.636688,0
-0.222271,0.354157,-0.785256,-0.617018,-0.416206,1.12159,0.948985,0.505752,0.0274666,-0.581605,-0.51118,-0.834671,0.650302,-0.628932,-0.825176,-0.630751,-0.977991,0.689132,-0.747574,-1.01016,-0.263641,-0.901309,0.703875,-0.665074,-0.890924,0
-0.196714,0.534858,-0.424872,-0.89783,-0.638697,1.0667,0.617787,0.478256,-0.178712,0.382813,-0.330158,-0.668263,0.638767,-0.61162,-0.506242,-0.393887,-0.894472,0.655079,-0.743036,-0.733981,-0.105928,-0.831453,0.677408,-0.659167,-0.676139,0
1.32603,0.829144,0.71456,0.498985,-0.771232,-0.999421,-0.795381,0.515627,0.270128,0.463353,0.0558527,2.93141,-3.44941,3.51718,1.4121,-0.303012,2.75857,-2.80195,3.23317,1.23012,-0.316245,2.9483,-3.52372,3.60984,1.39469,2
0.167288,0.194555,1.60147,0.69467,0.577337,-0.147987,-0.423283,-1.07352,-1.00406,-0.623455,-0.341273,0.587193,0.731202,0.0282463,0.999721,-0.978171,0.491859,1.10991,0.0868175,0.930994,-0.435377,0.517907,0.69452,0.0137834,0.967176,2
0.153475,-0.453118,1.25813,0.948485,0.362802,-0.463333,-0.317764,-0.746974,-0.704735,-0.426331,1.03106,-0.176234,0.0913453,-0.233296,0.386121,-0.349739,0.170387,0.601925,-0.12147,0.722257,0.129447,-0.0133335,0.318474,-0.252366,0.604264,2
-0.0173615,-0.0177712,1.24095,0.552379,0.228018,-0.476327,-0.267529,-0.596058,-0.524963,-0.0804905,0.20456,-0.40751,0.394567,-0.4895,0.198823,-0.16289,-0.182591,0.538796,-0.451469,0.415437,-0.218093,-0.340693,0.50988,-0.507871,0.273896,2
-1.27972,-1.85139,0.481384,1.0239,1.62926,0.44869,0.147048,-1.16762,-0.723835,-2.06523,1.26805,-0.675119,0.414847,-0.543694,-0.257114,0.0559826,-0.328059,0.67277,-0.495517,0.349819,0.542624,-0.520925,0.532889,-0.534138,0.0284959,2
-0.344002,-1.33112,1.87735,1.40561,0.298994,-0.278124,0.161851,-1.1435,-0.924507,-0.947346,1.09368,-0.534418,0.418975,-0.505932,0.0108549,-0.189347,-0.446871,0.67369,-0.525503,0.258753,0.474708,-0.453128,0.534688,-0.505462,0.156293,2
-0.167088,-0.870993,1.27916,0.73404,0.418735,-0.368969,-0.117672,-0.53167,-0.646223,-0.4093,1.41199,-0.550091,0.425142,-0.537837,-0.0202599,0.997222,-0.303831,0.61266,-0.505163,0.269038,1.19524,-0.47065,0.555468,-0.547322,0.0924146,2
1.50703,1.33919,0.262352,-0.661106,-0.38738,0.634319,-0.123809,-1.0753,-0.732531,0.971844,-0.404972,0.448041,0.957461,-0.0130335,0.783157,-0.558656,0.111066,1.14091,-0.186099,0.584274,-0.169287,0.251437,0.913723,-0.141541,0.687213,0
1.20951,0.824096,1.1451,0.091655,-0.236874,-0.609921,-0.681496,-0.290568,-0.651991,0.948896,-0.67509,0.0504154,0.949915,-0.213845,0.588922,-1.46019,-0.198383,1.10607,-0.28634,0.386841,-0.698358,0.0172716,0.886786,-0.212146,0.564364,2
0.00141933,0.337565,0.544653,0.425342,0.0229088,-0.463843,0.10236,-0.324641,-0.323671,-0.00902551,1.1534,-0.252386,-0.426671,0.0530042,-0.161961,1.70256,-0.0809604,-1.3214,0.438335,-0.176783,1.18144,-0.196744,-0.623335,0.248049,-0.167388,2
0.328739,-0.386161,1.27033,0.684085,-0.0222191,-0.956212,-0.2864,-0.0539536,-0.332627,0.179662,0.924487,-0.460554,0.177643,-0.445572,-0.0933641,1.61894,-0.46909,-0.067657,-0.412898,-0.12162,1.08674,-0.480255,0.229118,-0.463923,-0.131486,2
-1.2569,-1.46328,0.472319,1.26147,0.75571,-0.155054,0.638447,-0.775011,-0.546202,-1.32474,1.27071,-0.646813,0.200412,-0.460784,-0.521035,1.78264,-0.582755,-0.0687764,-0.405471,-0.350668,1.40832,-0.648193,0.264671,-0.491819,-0.540176,2
-1.26254,-1.50758,-0.174954,0.69398,1.85,0.835061,-0.0250078,-0.706954,-0.834871,-2.17176,0.710852,-0.685184,0.405182,-0.526332,-0.304791,-1.31672,-0.222011,0.990255,-0.412868,0.401663,-0.698568,-0.310968,0.643875,-0.480485,0.32605,2
-0.831563,0.647823,0.0379514,-0.0663176,1.34667,0.213496,-0.322382,0.600676,-0.608892,-1.46309,0.993624,-0.0659876,-0.411408,0.246679,0.294886,-0.588292,1.40924,0.384761,0.7358,1.0878,-0.288429,1.12241,-0.0646583,0.460075,1.09694,2
0.392078,0.807804,0.952054,-0.20514,0.0175314,0.131386,0.120181,-0.706254,-0.786105,0.274186,-1.79537,-0.401733,0.250677,-0.390839,0.074034,-1.57458,-0.619747,0.360933,-0.578277,-0.149367,-2.11631,-0.447051,0.341753,-0.438175,0.00775609,2
-0.422313,-0.310568,-0.24482,-0.216364,0.81785,1.31877,0.512339,-1.04048,-0.943158,-0.863707,-1.71072,-0.729193,0.580406,-0.580656,-0.459065,-1.43602,-0.790763,0.433578,-0.649722,-0.585503,-2.05654,-0.681297,0.523014,-0.565433,-0.40803,0
-0.482814,0.213565,-0.541435,-1.01655,-0.486222,0.93863,1.23725,0.126208,0.083809,0.237024,-1.81299,-0.799718,0.667383,-0.639617,-0.904727,-1.37304,-0.982069,0.679557,-0.758009,-1.15766,-2.09154,-0.941019,0.701876,-0.680817,-1.08453,0
-0.529801,-0.113025,-0.127268,-0.765695,0.813392,1.29339,0.480815,-0.763456,-0.882238,-0.374477,-1.97123,-0.925027,0.627733,-0.644204,-0.940399,-1.59215,-1.03372,0.649292,-0.75494,-1.17772,-2.21344,-0.91924,0.69562,-0.668962,-0.953363,0
-0.444632,0.81727,-0.424852,-1.14697,-0.600076,0.868815,1.07063,0.718038,0.030735,0.210567,-1.76603,-1.03436,0.596198,-0.656748,-1.54796,-1.30051,-1.10652,0.625214,-0.764376,-1.69,-2.04481,-1.02119,0.67457,-0.682226,-1.51203,0
-0.38735,0.445572,-0.990735,-1.09513,-0.476927,1.80838,1.70023,-0.497576,-0.53155,0.0648383,-1.9258,-0.992404,0.614159,-0.650431,-1.35661,-1.4377,-1.07688,0.645904,-0.761367,-1.48734,-2.18548,-0.988306,0.698058,-0.678368,-1.35286,0
-0.976222,-0.624564,-0.714061,-1.22722,1.05028,1.39111,1.23495,9.95E-06,-0.356645,-1.07067,-2.4683,-0.950285,0.650352,-0.646893,-1.16837,-2.04646,-1.04673,0.656159,-0.757179,-1.36512,-2.65988,-0.969965,0.696519,-0.679097,-1.18256,0
-0.0966127,0.77533,-0.538876,-0.903737,-0.0672571,0.187968,0.700187,0.0675969,-0.0206398,0.63355,-1.362,-0.826035,0.538326,-0.607732,-0.778319,-0.903917,-0.968266,0.515088,-0.711612,-1.07034,-1.58517,-0.884957,0.549421,-0.626543,-1.01836,0
0.149637,0.190927,0.228468,-0.370049,-0.176274,0.139432,0.415796,0.166988,-0.497356,0.463293,-1.39252,-0.743106,0.535508,-0.582035,-0.424432,-1.14468,-0.855221,0.556247,-0.698778,-0.576108,-1.69948,-0.765925,0.574829,-0.603424,-0.534928,0
-0.626413,-0.451439,0.0643785,-0.151586,0.716469,0.49045,0.150356,-0.0693561,-0.588472,-0.495917,-1.18887,-0.891603,0.575478,-0.6332,-0.835551,-0.797689,-0.968736,0.560276,-0.733571,-0.944757,-1.46618,-0.883777,0.622255,-0.655159,-0.855561,0
-0.859019,-0.739968,-0.412468,-0.42867,0.251537,0.717929,0.85845,0.584754,-0.109936,-0.69521,-1.14708,-0.930045,0.55061,-0.6325,-1.02672,-0.764816,-1.04454,0.57197,-0.742656,-1.34847,-1.47792,-0.950595,0.61349,-0.654959,-1.22139,0
-0.554948,0.0545134,-0.218293,-0.645294,0.371268,0.848015,0.559876,-0.318984,-0.437016,-0.150846,-1.14283,-0.835371,0.536577,-0.608752,-0.679547,-0.71551,-0.954113,0.542514,-0.723436,-0.861468,-1.36734,-0.880259,0.594249,-0.642545,-0.863457,0
-0.912153,-0.742037,-0.773461,-0.95893,0.135764,0.708673,1.77816,0.439195,0.0666974,-0.352058,-1.22466,-0.913053,0.646414,-0.650341,-1.18745,-0.880879,-1.05583,0.660486,-0.764955,-1.4006,-1.50283,-0.998151,0.697379,-0.684795,-1.32633,0
-1.71302,-0.523254,-1.7047,-1.01497,-0.765395,1.08017,1.84978,1.70333,1.39673,-0.935172,-1.52345,-0.982949,0.556018,-0.641906,-1.37488,-1.45341,-1.05733,0.52974,-0.741987,-1.85761,-1.90455,-0.986467,0.583195,-0.661006,-1.8385,0
-1.5273,-1.52687,-1.60178,-0.922118,-0.067337,1.96671,1.62923,0.416186,0.243061,-0.779958,-1.43856,-1.09734,0.600086,-0.663825,-2.04883,-1.11008,-1.1378,0.641836,-0.769773,-1.92862,-1.77706,-1.08128,0.683006,-0.690652,-1.94573,0
-1.19355,-0.427121,-1.03058,-0.742556,-0.337255,1.3668,2.20179,0.136863,-0.169007,-0.554219,-1.61912,-1.07436,0.602765,-0.662585,-1.76673,-1.25667,-1.13077,0.639757,-0.769373,-1.78863,-1.92063,-1.06047,0.686014,-0.689092,-1.7318,0
-0.371958,-0.700407,-0.644874,-0.750952,0.0319144,0.8171,0.529171,0.708263,0.115583,-0.199122,-1.43236,-0.833082,0.651431,-0.643345,-0.913563,-1.0246,-0.99992,0.667053,-0.759518,-1.1628,-1.70928,-0.944098,0.69504,-0.680367,-1.02878,0
-2.08828,-2.35694,-1.19424,0.267789,2.28103,1.36857,0.369999,-0.547932,-0.53164,-2.38034,-1.6438,-0.97978,0.587472,-0.656448,-1.07867,-1.6039,-0.98027,0.57225,-0.754091,-1.01853,-2.24643,-0.932314,0.648263,-0.679197,-0.949015,0
-2.01492,-1.70998,-1.37226,-0.827005,1.14578,2.01384,1.71011,-0.118722,-0.302872,-1.72787,-1.68077,-1.0715,0.598407,-0.662206,-1.71158,-1.2848,-1.11285,0.63276,-0.767974,-1.5835,-1.80143,-1.05317,0.678828,-0.688963,-1.61478,0
-1.34769,-0.301712,-1.26845,-0.96017,-0.895022,0.977581,1.74593,1.34843,0.866076,-0.310918,-1.76864,-0.845796,0.667283,-0.646084,-1.27223,-1.39487,-1.02074,0.677568,-0.763216,-1.64139,-1.82711,-0.999441,0.698638,-0.686544,-1.4613,0
-0.971834,0.161731,-1.14721,-1.38465,-1.70389,1.11682,1.46555,1.59362,1.61046,0.119262,-1.81929,-0.903588,0.649622,-0.65246,-1.48036,-1.33992,-1.04163,0.671541,-0.765265,-1.72956,-2.13978,-1.00932,0.696759,-0.688073,-1.54211,0
-0.267619,-0.0720847,-0.808614,-1.44378,-1.15584,1.47809,1.3849,0.503443,0.568622,0.416826,-1.99518,-1.06519,0.621945,-0.659927,-1.94596,-1.52869,-1.14004,0.654589,-0.768954,-2.16961,-2.28605,-1.06152,0.704775,-0.687693,-1.95143,0
-0.691202,0.808794,-0.993594,-1.08481,-1.34677,0.823747,1.43955,1.23806,0.55141,0.521765,-1.60723,-1.06936,0.618617,-0.661146,-2.00314,-1.22626,-1.13594,0.654869,-0.769263,-2.1597,-1.98566,-1.06796,0.701387,-0.688763,-2.00216,0
-0.691421,0.466492,-0.507871,-1.43801,-1.31874,1.16443,1.25943,1.37795,0.488371,0.501395,-1.46938,-1.07997,0.614709,-0.661366,-2.07007,-1.19453,-1.14592,0.649972,-0.769563,-2.19379,-1.67118,-1.0763,0.697549,-0.688933,-2.0839,0
-1.22312,-0.232086,-0.916931,-0.789853,1.52796,0.728074,0.436896,0.707983,-0.383132,-1.22858,-1.56228,-0.894042,0.637888,-0.644224,-0.85746,-1.40632,-0.94044,0.638807,-0.745615,-0.722426,-1.88984,-0.897551,0.668353,-0.67309,-0.825076,2
-0.964998,-0.156064,-0.377885,-1.17984,0.340703,0.63367,0.223141,0.473258,-0.168278,0.713621,-1.45115,-1.02047,0.610331,-0.658487,-1.3558,-1.26783,-1.1034,0.631661,-0.767874,-1.48572,-1.72695,-1.01552,0.682756,-0.686334,-1.34074,2
-2.00429,-0.782847,-1.84921,-1.23071,-0.555078,1.65726,2.82166,1.56265,0.646563,-1.19767,-1.81939,-1.13426,0.59264,-0.666154,-2.52155,-1.67163,-1.18336,0.63193,-0.772652,-2.60922,-2.14489,-1.12365,0.678458,-0.69322,-2.55023,0
-0.478146,0.662726,-0.764506,-1.43949,-1.14934,0.800268,1.33346,1.08645,1.38607,-0.139022,-1.81888,-1.08831,0.616348,-0.661546,-2.23188,-1.52299,-1.14742,0.654279,-0.769293,-2.36815,-2.17188,-1.0793,0.702736,-0.688833,-2.2432,0
-0.44906,-1.25871,1.01386,0.422683,-0.411698,0.0577918,1.00051,-0.189597,-0.282432,-0.36734,-1.11743,-0.981969,0.539396,-0.651341,-1.23791,-0.299054,-1.03237,0.558746,-0.753571,-1.23661,-1.47129,-0.976192,0.626423,-0.678398,-1.23032,2
-0.276045,0.1029,-0.305451,-0.435827,0.263301,-0.32647,-0.0807805,0.724225,0.138382,0.373507,1.29918,-0.829584,0.443723,-0.582285,-0.687853,1.23877,-0.667403,0.381863,-0.604954,-0.135983,1.08605,-0.789664,0.534089,-0.610321,-0.536637,2
0.404912,0.119761,-0.386381,0.153735,0.409929,-0.738598,-0.75645,0.00510745,0.0397406,0.682656,0.790483,-0.0313845,-0.0751131,-0.119621,0.474378,0.390739,0.115983,-0.117872,-0.0230886,0.538546,0.542834,-0.024578,-0.0277363,-0.12257,0.466322,2
-0.114184,-0.546722,-0.188778,-0.605144,0.354047,1.01709,0.0848184,-0.743446,-0.198533,-0.024418,1.01236,-0.644065,0.541015,-0.523893,-0.261452,0.668943,-0.651141,0.756849,-0.645894,-0.312467,0.829694,-0.683166,0.624944,-0.543904,-0.34757,2
0.155864,0.201901,0.0354926,-0.657638,0.258833,0.962479,-0.138262,-0.887675,-0.354526,0.169367,1.30071,-0.573189,0.657178,-0.587232,-0.127417,1.02152,-0.566183,0.83662,-0.650651,-0.159142,1.22831,-0.624854,0.749653,-0.619597,-0.182251,2
0.603924,0.486192,0.284511,-0.421164,-0.240412,-0.20326,0.924577,-0.139742,-0.5097,0.563964,1.27046,-0.909185,0.512689,-0.63239,-0.951314,1.83073,-0.98055,0.541645,-0.739348,-0.965197,1.59959,-0.916102,0.602735,-0.662915,-0.982679,0
0.160272,-0.225619,0.30682,-0.045068,0.587053,0.454028,-0.36679,-0.936352,-0.573999,-0.0645084,1.49644,-0.536137,0.534448,-0.561365,-0.0327538,1.57443,-0.499975,0.61158,-0.619057,0.0607703,1.58116,-0.557007,0.606883,-0.588802,-0.0464174,2
-1.75446,-1.73639,-1.3954,-0.870364,-0.0333037,0.961349,1.18772,1.08828,1.5474,-1.07161,2.16347,-1.03924,0.546113,-0.651871,-1.6627,2.08464,-1.01306,0.53017,-0.73624,-1.24903,1.95361,-0.997592,0.602785,-0.667433,-1.51612,2
-1.14296,-0.874652,-0.949225,-0.822547,0.129137,0.590421,0.573759,0.861658,0.827075,-0.32777,2.1711,-1.01687,0.537967,-0.645584,-1.49542,2.04974,-0.995672,0.519575,-0.730013,-1.07217,2.06916,-0.985108,0.606433,-0.664475,-1.3512,2
0.699817,0.948815,0.823527,-0.515767,-0.261642,0.00270872,0.400654,-0.744416,-0.67308,0.85754,1.25888,-0.736239,0.457876,-0.581465,-0.394717,1.83211,-0.839699,0.465352,-0.688073,-0.49065,1.66557,-0.752842,0.545923,-0.61333,-0.439905,0
-0.91879,-0.161801,-1.08494,-1.04719,-0.665684,0.098142,0.707923,1.45704,1.6575,0.119032,2.14785,-0.955432,0.432738,-0.582605,-1.45195,2.05741,-0.931004,0.343112,-0.641366,-1.25115,1.9924,-0.922219,0.503673,-0.611161,-1.35048,2
0.637778,0.519316,-0.273856,0.289598,0.14327,-1.37438,-1.09448,0.566193,0.293676,1.03084,1.17081,0.296245,-0.538556,0.176284,0.59316,1.08066,0.656529,-1.11621,0.626673,0.717329,1.07597,0.353687,-0.651441,0.288229,0.626083,2
-0.644774,-0.00125933,-0.405532,-0.883687,-0.363822,-0.233845,0.323791,1.39511,1.02392,0.341963,2.07698,-0.997861,0.493039,-0.605683,-1.44329,1.91381,-0.978571,0.464103,-0.701247,-1.15312,1.73978,-0.948756,0.553779,-0.625394,-1.24217,2
0.87821,0.774201,0.562934,-0.46984,-0.618767,-0.287989,0.573279,-0.0976722,-0.419474,1.04096,0.547392,-0.845596,0.521715,-0.607822,-0.69475,1.31021,-0.950285,0.517696,-0.71545,-0.842897,0.913493,-0.851983,0.577777,-0.63385,-0.741277,0
-1.20223,-0.2651,-1.308,-1.20529,-0.953783,0.344701,0.987666,1.72207,1.9384,0.0392609,1.64289,-1.01092,0.529411,-0.642445,-1.46778,1.91447,-0.954123,0.482164,-0.704745,-1.18333,1.57253,-0.966417,0.568332,-0.65311,-1.42306,2
-0.67458,-1.05076,-0.335936,0.519345,0.765555,-0.369249,-0.677598,0.0869074,0.288029,-0.372957,0.144439,-0.34661,0.179702,-0.38866,0.145289,0.0888565,-0.161571,0.0509749,-0.310608,0.26572,0.130756,-0.322732,0.227409,-0.397635,0.1628,2
-1.41635,-0.851213,-1.36201,-1.20721,-0.717519,0.499475,0.69501,1.86535,2.22046,-0.337605,1.04734,-1.04054,0.555068,-0.657128,-1.66589,1.0803,-1.03283,0.559236,-0.743546,-1.47064,0.907556,-1.00371,0.615429,-0.675859,-1.61074,2
-1.08006,-1.38294,-0.210717,0.0298653,1.1703,1.555,0.253496,-1.22829,-0.589751,-1.4765,1.19247,-0.69475,0.566403,-0.596768,-0.289318,1.10075,-0.679197,0.664445,-0.670862,-0.213076,1.23446,-0.748684,0.651041,-0.635199,-0.40821,2
-0.651791,1.20286,-0.956222,-1.30688,-0.716559,0.24506,1.21094,1.55482,0.69459,0.322002,-0.110116,-1.07182,0.585743,-0.662376,-1.71848,0.697429,-1.13689,0.629312,-0.769533,-1.86696,0.36841,-1.07202,0.669132,-0.689512,-1.86323,0
-0.406721,-0.847965,-0.0872473,1.14969,1.39526,0.0495658,-0.910354,-1.32911,-0.79635,-0.808054,-0.318844,-0.341603,0.276305,-0.425801,0.201442,-0.129726,-0.297234,0.0450678,-0.432578,0.16335,0.0117643,-0.24443,0.190387,-0.396966,0.191666,2
0.187948,-0.49045,0.584094,0.683615,-0.242421,-0.354057,0.154194,-0.38846,-0.164679,-0.0957631,-0.196504,-0.396326,0.30662,-0.447081,0.0876573,0.242951,-0.579206,0.273686,-0.561925,-0.0935741,0.342113,-0.51018,0.324681,-0.485392,-0.129777,2
-1.37988,1.09522,-1.868,-1.57241,1.47854,1.14198,-0.156763,0.931144,0.495248,-1.1179,-0.103869,-0.513908,0.536387,-0.515428,-0.219732,-0.169247,0.123899,-0.383172,-0.238643,-0.176144,-0.0419394,-0.220292,0.140411,-0.452838,-0.302502,2
0.0437886,1.41014,-0.547302,-1.42194,-1.49077,0.134334,1.26917,1.1523,0.953993,1.04694,-0.362313,-0.690442,0.404092,-0.472289,-0.931874,0.310788,-0.822457,0.0992713,-0.396086,-1.20487,0.301872,-0.791273,0.238663,-0.395826,-1.11882,0
1.25259,2.01732,0.40855,-0.896071,-1.26377,0.0311348,0.239013,0.0543333,-0.20436,1.56561,-1.03964,-0.38881,-0.124929,-0.0923047,-0.249947,-0.660207,-0.599696,0.0262171,-0.359084,-0.331208,-0.360553,-0.480795,0.0243682,-0.216204,-0.342273,2
0.155894,0.00494763,0.689203,0.613859,-0.911784,-0.546752,-0.171986,0.036762,0.193325,0.565193,-0.112775,-0.385331,0.202681,-0.394527,0.049456,0.403702,-0.577477,0.194645,-0.528541,-0.152385,0.292967,-0.484853,0.232906,-0.437476,-0.151276,2
-0.000539706,-0.337974,1.01366,1.54905,-0.191616,-0.972434,-0.591271,-0.32726,-0.332127,-0.116013,-0.839059,-0.312777,0.182131,-0.370039,0.138532,-0.556438,-0.446261,0.155274,-0.456347,0.0128738,-0.486112,-0.292567,0.133755,-0.356116,0.104179,2
-0.252836,-0.886936,0.871903,1.54923,0.333197,-0.362053,-0.575008,-0.760748,-0.631071,-0.690762,-0.974203,-0.313326,0.197563,-0.389689,0.157653,-0.585283,-0.438895,0.16405,-0.48959,0.0641687,-0.6127,-0.316595,0.197793,-0.401523,0.115573,2
0.548881,-0.294326,0.597957,1.5416,0.556528,-1.11206,-1.05827,-0.723966,-0.562874,-0.137673,-0.51031,0.345061,-0.0966426,-0.0310447,0.782667,-0.767754,0.240272,-0.0927347,-0.115723,0.748734,-0.660876,0.40907,-0.135813,-0.00386797,0.802887,2
-0.453548,0.534568,-0.442294,-1.0298,-0.721237,0.644005,1.16284,0.737479,0.291137,0.255515,-0.745145,-0.950874,0.533369,-0.601246,-1.28612,-0.205899,-1.04835,0.565663,-0.728933,-1.50855,-0.128357,-0.966297,0.627793,-0.649492,-1.36687,0
-1.01906,-2.14492,0.753261,1.7174,0.856221,0.377105,-0.186089,-1.38458,-0.649412,-1.69797,0.0718748,-0.392957,0.300353,-0.467541,0.148228,0.34726,-0.51014,0.307269,-0.562605,0.0797211,0.283511,-0.446012,0.341603,-0.492959,0.0253575,2
-0.947846,-1.6728,0.282452,1.25577,1.23107,0.153365,-0.267069,-0.800098,-0.341303,-1.84066,0.243221,-0.0435785,0.0825596,-0.299233,0.47009,0.0757729,0.20421,-0.0214696,-0.165049,0.681756,-0.0193704,0.02053,0.034823,-0.267559,0.494828,2
0.322972,-0.186319,0.369119,1.14112,1.06583,-0.682346,-1.15768,-0.528711,-0.567142,-0.700887,0.353467,0.481594,-0.210037,0.0914254,0.871104,-0.295515,0.640476,0.00950526,0.214415,1.00396,-0.155204,0.603425,-0.137772,0.158073,0.969915,2
-1.40711,-1.9504,0.590761,1.38967,1.16271,0.723496,0.22504,-1.34859,-0.849264,-2.05493,0.196164,-0.621066,0.478416,-0.556647,-0.172066,0.525583,-0.689422,0.481654,-0.654969,-0.175464,0.57127,-0.648673,0.503124,-0.587982,-0.273686,2
-1.75182,-2.86822,1.04964,1.98939,2.02959,0.801158,-0.308249,-1.93732,-1.19013,-2.90745,0.173935,-0.340853,0.342882,-0.466362,0.258314,0.118422,-0.277294,0.355286,-0.496507,0.423043,0.126068,-0.300633,0.349559,-0.466871,0.274885,2
-0.933873,-0.97921,0.130136,1.31092,2.06375,0.0680367,-0.439855,-0.849504,-0.932053,-2.34763,0.12263,0.0475768,0.180222,-0.241302,0.616159,-0.461364,0.49048,0.247259,0.0468871,0.926617,-0.2653,0.323312,0.0372519,-0.0924546,0.780808,2
0.263901,0.250238,0.318694,0.670291,0.585343,-0.646533,-0.645724,-0.0303152,-0.376785,-0.397475,0.493728,0.403782,-0.042689,0.0203902,0.839849,-0.241772,0.765565,0.496507,0.291867,0.98143,-0.0121939,0.569002,0.0596809,0.101311,0.93975,2
-0.863297,-1.02753,-0.0196004,0.883997,1.25542,-0.0513448,-0.36761,-0.278614,-0.167008,-1.60707,0.601775,-0.0519944,0.0976123,-0.288878,0.47041,0.210497,0.462583,-0.154195,0.0352628,0.801768,0.301453,0.213745,-0.0699357,-0.16316,0.61257,2
-2.09021,-2.93953,0.392088,1.39696,2.16133,1.3646,0.171986,-1.82577,-1.19264,-2.8735,-0.217603,-0.797679,0.548681,-0.621706,-0.474987,0.0313847,-0.777159,0.535378,-0.699687,-0.256504,0.211167,-0.768584,0.578937,-0.638707,-0.466652,2
-1.1725,-2.37631,0.318404,1.0514,0.848795,0.616978,0.443213,-1.03779,-0.474218,-1.53655,0.252386,-0.584304,0.436836,-0.559176,-0.12115,0.557917,-0.657418,0.40915,-0.650402,-0.125109,0.693231,-0.661676,0.479615,-0.594239,-0.313367,2
-0.895162,-2.06004,1.02777,1.44108,0.69536,0.316365,-0.0909155,-1.12746,-0.700167,-1.41276,0.300933,-0.328069,0.229828,-0.410749,0.205909,0.542494,-0.424802,0.184859,-0.501265,0.168498,0.688543,-0.345971,0.22445,-0.421164,0.122,2
1.2817,0.446292,0.5515,0.922478,0.247829,-1.29615,-0.871453,-0.567992,-0.4904,0.565773,0.136453,0.38903,0.00352834,0.00483778,0.860049,-0.430949,0.511959,0.111655,0.10238,0.970345,-0.0674769,0.608072,-0.003908,0.0958432,0.977281,2
-0.114104,-1.00677,1.06565,1.6898,0.986337,-0.650741,-0.826166,-1.22717,-0.872313,-0.847855,0.419785,0.278094,-0.0870573,-0.0361322,0.760608,0.332317,0.213395,-0.123999,-0.0907055,0.743586,0.482434,0.354387,-0.173585,-2.98E-05,0.757379,2
1.05406,0.141801,0.59152,1.09027,0.083719,-1.55669,-1.10698,-0.179752,-0.24413,0.747094,0.489171,0.536338,-0.392758,0.170527,0.860139,0.456846,0.713131,-0.707584,0.377875,0.926656,0.473258,0.644884,-0.487851,0.221252,0.875071,2
1.26959,1.81079,-0.443703,0.22512,0.434867,-1.29143,-1.48003,0.435597,-0.220422,0.928706,0.217923,0.691991,0.133255,0.160801,1.01212,-0.875481,0.976072,0.908545,0.549431,1.09269,-0.475267,0.872943,0.321593,0.321853,1.1228,2
0.159122,0.168817,0.196024,-0.00517757,-0.777489,-0.309219,0.557407,0.272267,0.3467,0.315626,0.0786915,-0.496677,0.517627,-0.518206,-0.0186407,0.454328,-0.696969,0.435317,-0.631281,-0.303671,0.538207,-0.627053,0.485912,-0.559946,-0.276195,2
0.236604,0.812002,-0.354646,-1.44114,-1.17715,0.529911,1.26725,1.05373,0.258453,0.98097,-0.549071,-0.967246,0.641306,-0.635699,-1.33325,0.096053,-1.07379,0.65407,-0.753151,-1.61007,0.293866,-0.98024,0.699867,-0.666633,-1.40475,0
0.658897,0.643095,-0.215065,0.892573,0.557237,-1.48963,-1.14432,0.301033,-0.0274165,0.219113,-0.73567,0.484303,-0.0759527,0.0327741,0.889455,-0.945237,0.892533,-0.369669,0.339434,0.957721,-0.942978,0.649462,-0.126678,0.0643186,0.908505,2
-1.42262,-2.92819,0.657898,1.31944,2.13927,0.8778,-0.364482,-1.48459,-1.13873,-2.38386,0.0545733,-0.410439,0.341933,-0.472409,0.139022,-0.345361,-0.281982,0.398925,-0.499116,0.427591,-0.0445581,-0.277294,0.345901,-0.452718,0.298534,2
-0.425762,0.0414198,-0.622146,0.465952,0.950475,-1.42347,-1.13343,0.869644,0.466142,0.144489,0.275835,0.177603,-0.399184,0.0262973,0.513789,0.487491,0.635139,-1.05956,0.398215,0.628512,0.180592,0.252856,-0.389569,0.00766638,0.532939,2
-0.112825,0.298964,-0.504573,0.537726,0.499685,-1.41094,-0.839069,1.01242,0.38708,0.179372,0.281272,0.226229,-0.379754,0.0287661,0.559156,0.357995,0.753301,-1.09355,0.484413,0.698458,0.107018,0.365471,-0.468191,0.0845188,0.604084,2
-0.0863277,-0.405881,0.387001,1.07591,0.989546,-1.14147,-1.30031,-0.310088,-0.376526,0.0601506,0.783157,-0.0491558,-0.0900258,-0.195334,0.401364,1.27135,-0.124149,-0.281932,-0.216504,0.284801,0.909905,-0.0923648,-0.116953,-0.204999,0.311058,2
0.514068,1.33244,-0.905557,-0.270308,0.0195704,-1.58965,-1.17869,1.54414,0.719118,1.40577,1.33426,0.18475,-0.310008,0.00455792,0.512439,1.34026,0.67421,-0.893443,0.401953,0.626134,1.20774,0.274466,-0.350089,0.0591612,0.580696,2
0.949085,1.02628,-0.422173,0.5094,0.132765,-1.7735,-1.5746,0.763936,0.294646,1.27666,1.18909,0.625074,-0.813422,0.452209,0.747034,0.902268,1.20108,-1.27936,0.958081,0.93953,0.89899,0.872133,-0.863187,0.560606,0.887865,2
0.026597,0.431689,-0.754771,0.10202,0.188358,-1.19235,-0.711142,0.987277,0.800078,0.457736,1.49265,0.141341,-0.44808,0.039151,0.338674,1.57041,0.726264,-1.32435,0.545423,0.484323,1.35241,0.30697,-0.583494,0.128107,0.420094,2
-0.616958,-1.10867,0.272507,1.65133,1.18665,-0.904217,-0.830313,-0.310068,-0.347999,-1.1666,0.876611,0.151426,-0.200732,-0.110676,0.562855,0.678838,0.247769,-0.197733,-0.0996812,0.702836,0.700827,0.152515,-0.0702255,-0.176134,0.59152,2
0.0605004,-0.345851,0.125948,1.41538,0.98079,-1.39528,-1.29582,-0.107687,-0.262351,-0.238693,1.19395,0.322222,-0.350838,0.0196405,0.632221,0.921049,0.493898,-0.459955,0.104519,0.789614,0.922329,0.366221,-0.213845,-0.0414995,0.707234,2
-0.10212,-0.0418794,0.3875,0.201641,0.334406,0.32717,-0.196914,-0.646324,-0.59196,-0.174954,1.18176,-0.353877,0.00560732,-0.274026,-0.0442981,1.6181,-0.519686,0.0634788,-0.432668,-0.12315,1.14582,-0.154035,-0.589911,0.167978,-0.0282363,2
-0.77637,-0.263741,-1.49923,-0.118372,1.23907,-0.495687,-0.451349,0.485292,0.393227,-0.0853482,1.49096,-0.260952,-0.0682065,-0.231177,0.0694362,1.50365,0.112395,-0.438056,-0.0684364,0.340094,1.2018,-0.140361,-0.0617797,-0.24425,0.250377,2
0.519716,-0.014183,0.354586,1.23363,0.255705,-1.57132,-1.18075,-0.104879,-0.0177512,0.480205,1.02978,0.566413,-0.611361,0.236025,0.745685,1.12547,0.575188,-0.846426,0.291757,0.721407,0.850744,0.516607,-0.534938,0.161021,0.721647,2
-0.112305,-0.55179,0.0808704,0.617367,-0.0982819,-0.267839,-0.685684,-0.301183,0.335076,0.131146,0.595528,-0.219562,-0.105388,-0.258673,0.12315,1.04833,-0.328769,-0.256504,-0.308729,-0.050865,0.600326,-0.261912,-0.0469269,-0.282751,0.0370717,2
0.527802,0.353667,-0.383182,0.554688,0.154694,-1.65843,-1.23956,0.824116,0.432878,0.97998,0.546732,0.350399,-0.494128,0.111785,0.630771,0.698748,0.699657,-1.12396,0.471029,0.673001,0.352468,0.422443,-0.51072,0.135824,0.661896,2
0.243901,0.1842,0.406181,0.2857,-0.608212,-0.573449,-0.247459,0.138772,0.390059,0.473128,0.832522,-0.44862,0.134184,-0.393987,-0.106847,1.3531,-0.624134,0.166658,-0.525463,-0.311407,0.956282,-0.498716,0.173805,-0.411928,-0.235705,2
-0.721777,-0.547842,0.125708,0.150996,0.65316,0.313237,-0.453588,-0.234075,-0.406671,-0.225699,1.01518,-0.389419,0.34713,-0.375406,-0.2035,1.51517,-0.548032,0.0414996,-0.400534,-0.422573,1.13057,-0.411229,0.100091,-0.291417,-0.261072,2
0.491849,1.32237,-0.325841,-1.26314,-1.54095,0.377765,1.05674,1.24375,0.495867,0.937661,1.01677,-0.949005,0.594389,-0.652071,-1.04381,1.81394,-1.06276,0.626373,-0.762677,-1.28485,1.34813,-0.986447,0.675969,-0.680057,-1.21999,0
-1.70513,-1.50085,-1.29094,-0.06143,2.44555,0.394597,-0.193295,-0.014313,-0.125588,-1.65888,0.933403,-0.594379,0.434737,-0.569241,-0.161331,0.396146,-0.0879869,0.401763,-0.479415,0.373787,0.30649,-0.422383,0.539956,-0.570081,0.129716,2
-1.98267,-1.26221,-2.48914,-1.68173,-1.56542,1.04561,1.48094,2.08514,3.89268,-0.692991,1.22011,-0.984458,0.503773,-0.630861,-1.45705,1.35802,-0.901329,0.616098,-0.717139,-0.985597,1.19821,-0.967676,0.601805,-0.642715,-1.20716,2
-0.241162,-1.27557,1.34401,2.34809,0.468781,-1.39584,-1.34665,-0.637968,-0.472119,-0.492059,0.832263,0.647423,-0.772462,0.357255,0.805076,0.905867,0.814401,-1.39606,0.747974,0.8582,0.905557,0.646494,-0.893522,0.435567,0.778968,2
-1.07177,-1.75888,0.546233,1.31564,0.549231,0.0528342,0.00331835,-0.732931,-0.228788,-1.27488,0.383632,-0.539296,0.247939,-0.496517,-0.20295,0.922608,-0.527662,0.133594,-0.533669,-0.112485,0.704895,-0.541215,0.303292,-0.507651,-0.229198,2
-0.834481,0.222471,-0.69571,-1.13166,-0.941729,1.01835,1.9755,1.02333,0.314576,-0.152655,0.499466,-1.0629,0.589601,-0.662266,-1.65512,1.36335,-1.14132,0.620076,-0.769353,-2.00039,1.04698,-1.07106,0.668603,-0.689292,-1.85834,0
0.103529,-0.438975,0.621816,0.116463,-0.806185,0.271717,0.683036,-0.522864,-0.048876,0.239833,0.651811,-0.751322,0.418305,-0.580216,-0.502814,1.34572,-0.811453,0.370508,-0.654939,-0.562684,1.08957,-0.769633,0.479875,-0.59256,-0.603824,2
-1.01449,-0.730142,-1.5868,-1.30573,-1.51989,1.14928,2.12658,1.43329,1.54292,-0.0208497,0.401354,-1.07148,0.609492,-0.663335,-2.07187,1.25017,-1.15959,0.637748,-0.771792,-2.33747,0.985967,-1.106,0.678018,-0.692491,-2.24535,0
-0.532199,-1.24095,0.836071,1.6248,0.0695759,-0.909125,-0.764776,-0.310848,0.248209,-0.559076,0.902938,0.440355,-0.844187,0.304551,0.571241,1.04365,0.71389,-1.60034,0.815121,0.721657,0.937651,0.51075,-1.02863,0.468841,0.610771,2
-0.190407,-1.14953,1.61616,2.01942,0.12267,-0.849134,-0.842488,-0.726794,-0.704295,-0.53034,0.855101,0.178643,-0.315286,0.00366835,0.576388,1.20914,0.0392408,-0.515668,-0.0602205,0.468001,1.2691,0.147548,-0.379554,0.00407814,0.477776,2
0.0275166,-0.795261,1.4436,1.65596,0.0111046,-0.806395,-0.784966,-0.769753,-0.578896,-0.189937,1.08237,0.051385,-0.28627,-0.067157,0.441994,1.50989,-0.0444882,-0.525213,-0.0781317,0.374007,1.42944,0.038811,-0.338064,-0.0387509,0.376326,2
0.538986,-0.351048,0.665174,1.388,-0.387011,-1.43465,-1.09168,-0.0586613,0.186639,0.621206,1.17817,0.908445,-1.49512,0.906786,0.713301,1.2621,1.18445,-2.38424,1.51368,0.79666,1.24556,0.915592,-1.62841,0.999261,0.699248,2
-0.125588,-0.862807,1.26179,1.70604,-0.155544,-1.17822,-0.485832,-0.36794,-0.256324,-0.170916,1.14136,-0.0956131,-0.174824,-0.190237,0.281582,1.44955,-0.0744536,-0.403193,-0.154694,0.351738,1.38741,-0.0540635,-0.197443,-0.152015,0.308189,2
-0.0685764,0.174195,-0.491909,-0.0586514,0.485372,-0.81617,-0.642595,0.69438,0.189367,0.540785,1.70532,-0.47001,-0.0954832,-0.214085,-0.300683,1.16091,-0.376756,-0.16405,-0.20436,0.0669273,1.48514,-0.484943,0.0764327,-0.296165,-0.212506,2
0.20349,-0.658927,0.85799,1.71315,0.0390109,-1.44778,-1.19746,-0.177743,-0.0860778,0.155614,1.17029,0.474858,-0.787314,0.294936,0.61255,1.15384,0.716559,-1.49273,0.73593,0.771333,1.11042,0.575328,-0.984448,0.480585,0.681516,2
1.04533,0.519626,0.521115,0.997631,-0.445232,-1.59971,-1.36608,0.346041,0.160421,1.03312,1.03469,0.970955,-1.49142,0.947946,0.818739,0.821418,1.38633,-2.50567,1.74867,0.965967,0.795251,1.15466,-1.84142,1.29458,0.924447,2
0.136073,0.483034,0.279713,-0.268848,0.174385,0.421014,-0.144409,-0.164979,-0.555048,0.0129837,0.729233,-0.297064,0.321393,-0.38803,0.176544,0.999321,-0.220052,-0.263371,-0.223271,0.120221,0.917701,-0.24446,0.0791513,-0.299813,0.10265,2
-1.40643,-0.418915,-2.06891,-1.60038,-1.21131,0.44846,1.04598,2.24338,2.93648,-0.0401103,1.87148,-0.942588,0.46988,-0.618517,-1.49118,1.70196,-0.907256,0.44926,-0.657098,-1.09727,1.76463,-0.914762,0.525183,-0.621675,-1.22956,2
-2.36662,-1.88998,-2.66499,-1.80413,-1.90211,1.5414,1.81549,2.33006,4.71207,-1.48112,0.921979,-1.06739,0.552629,-0.657128,-1.96729,1.04269,-1.07581,0.55148,-0.741877,-1.98263,0.83832,-1.0537,0.619647,-0.676159,-2.17762,2
-1.4588,-0.280633,-1.92086,-1.79408,-1.38196,1.46213,1.82131,1.86696,2.10575,-0.376935,0.273536,-1.07895,0.595778,-0.664425,-2.12824,1.2074,-1.15473,0.63375,-0.771812,-2.38914,0.771782,-1.11043,0.67357,-0.692621,-2.35515,0
-0.498616,-0.0175114,-0.664455,-1.56115,-1.28696,1.00072,1.6447,1.02071,0.97954,0.410849,0.77537,-0.987766,0.596008,-0.647683,-1.58634,1.48866,-1.08992,0.635719,-0.761527,-1.86687,1.24384,-1.03822,0.666814,-0.680847,-1.63345,0
0.821978,0.271757,0.937201,0.593289,-0.524173,-0.958131,-0.730292,-0.146898,0.0232787,0.782917,1.54851,0.241882,-0.63281,0.216594,0.435637,1.11461,0.515408,-0.832742,0.456816,0.686094,1.2477,0.26522,-0.431129,0.135494,0.575988,2
0.609662,0.466791,1.39657,1.06901,-0.299423,-1.45836,-0.789224,-0.144139,-0.403552,0.689503,1.50831,0.273126,-0.736589,0.335356,0.453988,0.802697,0.278434,-0.57274,0.299154,0.718598,1.19214,0.236574,-0.451249,0.193935,0.575448,2
-0.276565,-0.233316,0.212546,0.50923,0.966027,-0.471139,-0.253536,-0.108847,-0.423393,-0.69503,0.0677768,0.359844,-1.08377,0.546613,0.445642,-0.351958,1.10927,-1.53329,0.874282,0.809154,-0.377055,0.737829,-0.950225,0.461494,0.727394,2
0.0167518,-0.153435,-0.681976,-1.08781,-0.921129,1.2038,1.38562,0.0199802,0.201032,0.468851,-0.949615,-0.352647,0.804196,-0.549421,-0.250037,-1.06503,-0.794591,0.71355,-0.727514,-0.583714,-0.570321,-0.751462,0.726874,-0.65353,-0.556518,0
0.526052,0.0631891,1.44015,0.226149,-0.222151,0.0670472,-0.203021,-0.801847,-0.702216,0.237614,-0.522594,0.192106,0.370948,-0.168018,0.758579,-0.620436,-0.139672,0.600936,-0.327859,0.539016,-0.273166,-0.0457376,0.443403,-0.258483,0.585413,2
0.386371,0.126248,1.18813,0.0552328,0.607613,0.374627,-0.267009,-1.32194,-0.848824,-0.404792,-1.0952,0.0256875,0.61231,-0.264141,0.627253,-1.17312,-0.149437,0.740267,-0.356326,0.535658,-0.87858,-0.0885666,0.59214,-0.30626,0.533389,2
0.171256,-0.552739,1.74913,1.39935,-0.339964,-0.885466,-0.546822,-0.362253,-0.4499,-0.107767,-0.415217,0.983629,-0.414517,0.420144,1.1227,-0.753481,0.727284,-0.00021998,0.356456,1.00417,-0.482034,0.729013,-0.311857,0.30591,1.01103,2
1.59759,0.0926647,1.70723,0.570241,-0.984228,-0.647933,-0.625694,-0.147358,-0.546602,0.951474,-0.32637,0.351798,0.565733,-0.0531838,0.862268,-0.636328,0.116083,0.623704,-0.16388,0.738738,-0.194895,0.263371,0.460115,-0.104499,0.797859,2
-0.137842,-0.774551,1.67495,1.61178,0.57225,-0.302852,-0.610781,-1.12032,-0.840838,-1.27447,-1.00231,0.619447,0.0162021,0.105588,1.00672,-1.70444,0.765955,0.390669,0.207598,1.05686,-1.39191,0.73648,0.211167,0.116013,1.07315,2
0.140061,-0.793651,1.51332,1.77468,-0.221192,-1.06025,-0.780298,-0.485372,-0.340583,-0.212356,-0.528841,1.31013,-0.801687,0.77717,1.21381,-1.02616,1.05912,-0.307979,0.659477,1.12456,-0.802027,1.13827,-0.624784,0.649802,1.17662,2
0.177463,-0.287159,1.35037,1.22651,-0.151546,-1.07998,-0.689073,-0.14347,-0.297264,0.0559927,0.0606603,0.914143,-0.697948,0.55139,1.04911,-0.374627,0.520455,-0.403562,0.30551,0.854972,-0.0791412,0.656679,-0.615509,0.425932,0.905057,2
-0.0217493,-0.611481,1.92615,1.7773,0.089886,-0.742616,-0.769403,-0.762657,-0.668523,-0.791083,-0.241772,1.22583,-0.894742,0.798359,1.18363,-0.915732,0.908565,-0.194715,0.442014,1.10684,-0.720587,1.04982,-0.470659,0.53128,1.16769,2
-1.14853,-0.339124,-0.908595,-0.833642,-0.106748,1.76948,1.5489,-0.0560526,-0.12164,-0.83855,-0.636998,-0.697998,0.746634,-0.59194,-0.838569,-0.814241,-0.927276,0.644314,-0.736999,-0.863977,-0.526002,-0.869275,0.625134,-0.634029,-0.911394,0
-0.0750432,-0.79633,1.47265,1.36893,-0.0600806,-0.482834,-0.369259,-0.395316,-0.353427,-0.843457,0.0601506,1.24919,-1.00434,0.803507,1.13371,-0.577127,0.944188,-0.40885,0.533949,1.05805,-0.310438,1.02041,-0.672841,0.564834,1.0917,2
0.260862,-0.711182,2.07263,1.58701,-0.26502,-0.486662,-0.395896,-0.879689,-0.700997,-0.677178,-0.28627,1.48189,-0.0790812,0.718109,1.35857,-0.998391,1.24116,0.542204,0.683455,1.22191,-0.55037,1.29242,0.0506453,0.559466,1.28772,2
1.0186,0.235325,1.73274,1.48881,-0.686074,-1.17271,-0.815851,-0.516357,-0.470949,0.344891,-0.0829194,2.12439,-0.975962,1.60993,1.49183,-0.789224,1.78176,-0.0597308,1.41763,1.38905,-0.313476,1.96396,-0.787814,1.40855,1.4252,2
-1.69868,-1.07204,-2.16893,-1.49375,-0.880709,0.885087,1.37063,2.22197,2.73304,-0.805596,2.14201,-0.917031,0.406401,-0.587722,-1.58512,1.90494,-0.59285,0.232556,-0.568552,-0.316505,1.86015,-0.795271,0.380784,-0.558327,-1.00095,1
1.96254,1.20442,0.473698,0.976162,-0.792632,-1.85847,-1.37163,0.352627,0.085838,1.40682,0.430949,2.56852,-2.52426,2.46423,1.3362,-0.123549,2.66059,-2.37273,2.82548,1.34821,0.0183211,2.72606,-2.57029,2.64907,1.37435,2
-1.04306,0.331868,-1.89896,-1.59701,-0.840179,0.293406,1.23543,2.01926,1.82518,0.322712,1.6902,-0.736879,0.171976,-0.427351,-1.1244,1.48572,-0.604674,0.0822496,-0.383022,-0.631821,1.41619,-0.686194,0.098172,-0.351388,-1.03564,1
-1.30988,-0.370568,-1.58038,-1.13304,-0.51125,0.98006,1.06656,1.44406,1.33009,-0.483513,1.48983,-0.763966,0.397445,-0.535858,-0.649882,1.67838,-0.170936,-0.226619,-0.214405,-0.164669,1.46968,-0.482234,0.0831194,-0.379394,-0.457276,1
0.843447,-0.558616,2.07022,1.46045,-0.36866,-1.0834,-1.14785,-0.692391,-0.599027,0.459895,-0.00344829,1.72156,-0.785025,1.24864,1.39456,-0.569931,1.37642,-0.211756,1.01982,1.28102,-0.127807,1.61462,-0.716629,1.1221,1.32309,2
-1.16982,-0.482184,-1.52352,-1.23589,-1.03727,0.625724,1.78382,1.88239,1.45981,-0.119701,2.02024,-0.904147,0.370469,-0.544004,-1.37704,1.87956,-0.737769,0.127447,-0.513279,-0.781367,1.72328,-0.818329,0.305541,-0.49052,-1.19602,1
1.37837,1.17208,0.0437686,-1.07409,-1.52968,0.40923,1.11275,-0.243581,0.0363423,1.4424,-0.341523,-0.539916,0.801488,-0.545413,-0.227618,-0.370009,-0.859309,0.743746,-0.713691,-0.677928,0.147258,-0.731312,0.762447,-0.621675,-0.445872,0
1.7574,1.41854,-0.784536,-1.68261,0.0157323,1.00737,-0.457906,-0.371778,-0.63316,1.56017,-0.256105,-0.671951,0.710602,-0.536597,-0.424882,-0.698418,-0.847575,0.81729,-0.678418,-0.659317,0.0134835,-0.692681,0.85835,-0.585593,-0.446811,0
0.916541,1.58498,-0.123689,-0.795001,-1.41225,0.535238,1.56422,-0.0795411,-0.384732,0.886856,-0.705355,-0.700497,0.81761,-0.570591,-0.533709,-0.794271,-0.928295,0.784426,-0.721537,-0.951434,-0.26592,-0.806775,0.811513,-0.636438,-0.725205,0
1.1051,0.749003,1.791,0.526192,-0.620726,-0.263721,-0.351528,-1.12213,-0.762716,0.500285,-0.825796,0.900649,0.321663,0.336795,1.16492,-0.79625,0.742736,0.458335,0.338504,1.08359,-0.486452,0.815301,0.16379,0.373107,1.11458,2
1.9446,1.29698,0.10234,0.158152,-1.07418,-1.26945,-0.747214,0.624924,0.382043,1.43703,-0.2662,3.80834,-5.20905,5.18493,1.44795,-0.506532,3.54307,-3.88902,4.79936,1.30657,-0.637688,3.81098,-5.11261,5.47252,1.50923,2
0.953253,1.00171,-0.0344132,0.290198,0.459105,-0.574149,-0.799139,-0.624094,-0.475167,0.45042,-0.194655,2.45223,-3.66653,3.82194,1.36506,-0.485122,1.93068,-2.11022,2.50553,1.34541,-0.483973,2.26129,-2.97088,3.2467,1.42251,2
0.942219,0.754041,1.05111,0.921878,-0.772742,-0.923578,-0.885357,0.0205199,0.0403803,0.358824,-0.974043,2.51339,-2.62596,2.66443,1.47082,-0.992924,2.12871,-2.08831,2.36617,1.30852,-1.09883,2.35984,-2.64484,2.67463,1.44257,2
0.696319,0.818579,1.23469,-0.141561,0.0365521,0.452718,-0.0207099,-1.24089,-0.996242,0.114934,-1.44511,0.321193,0.63322,-0.138812,0.845896,-1.16724,0.194035,0.664514,-0.167668,0.773202,-0.955472,0.218833,0.536607,-0.138852,0.777529,2
0.729923,0.65414,0.381243,-0.986607,-1.03201,0.53188,0.990855,0.146968,-0.247899,0.871234,-0.761477,-0.515418,0.641166,-0.584144,-0.189697,-0.380933,-0.768854,0.621675,-0.71458,-0.406811,-0.103579,-0.731602,0.658638,-0.641776,-0.36822,0
0.6137,0.206029,0.677798,1.0002,-0.607423,-0.861478,-0.77545,-0.0118642,0.211197,0.22467,-0.946806,2.64108,-2.85209,2.76209,1.41431,-0.830973,2.44351,-2.75111,2.7466,1.22425,-1.05321,2.49009,-2.84936,2.66895,1.34589,2
0.293866,-0.794011,1.44236,1.23436,0.20437,-0.339514,-0.667853,-1.10098,-0.545573,-0.500135,-1.1417,2.28017,-1.60746,2.03436,1.51565,-1.15116,1.74292,-1.17733,1.56102,1.28842,-1.0354,1.96933,-1.62775,1.76966,1.41354,2
0.280962,-0.457196,0.680157,-0.63386,-0.889175,0.665324,1.70876,-0.0846786,-0.637708,0.434437,-1.28908,-0.848584,0.699807,-0.631201,-0.909325,-1.0159,-1.00475,0.67399,-0.75491,-1.0694,-0.722726,-0.941439,0.699398,-0.678358,-0.989186,0
1.27713,0.905707,-0.271107,0.0795709,-1.09862,-1.12501,-0.65452,1.01702,1.13159,0.892483,-0.670182,2.70535,-3.7494,3.19607,1.10191,-0.655889,2.89341,-3.89583,3.56799,0.89899,-1.0131,2.75141,-3.72024,3.28651,1.13219,2
1.86646,1.14771,0.463003,0.364841,-1.21219,-1.21553,-0.838749,0.465812,0.34752,1.34865,-0.0772921,3.86627,-5.20144,5.46861,1.53581,-0.295275,3.00604,-3.71351,4.11271,1.33585,-0.398175,3.439,-4.78105,4.93837,1.50847,2
-0.192946,-0.481294,0.317515,-0.0436487,-0.144789,0.899819,0.752671,-0.865826,-0.20397,-0.646863,-0.50995,-0.136993,0.593979,-0.235305,0.34864,-0.813702,-0.338624,0.697538,-0.398735,0.192506,-0.383472,-0.309648,0.582485,-0.370808,0.167828,2
0.24519,-0.0547431,1.7347,1.17874,-0.24488,-0.471419,-0.319064,-0.67367,-0.742826,-0.327829,-0.283041,1.33442,-0.287179,0.790983,1.31762,-0.460944,0.793521,0.0107247,0.421744,1.08614,-0.187438,0.920649,-0.227239,0.473898,1.12392,2
0.883967,0.535568,0.810153,0.665444,-0.12314,-0.563484,-0.860549,-0.12352,-0.294236,0.0107548,-0.212996,2.99732,-3.45417,3.82016,1.56818,-0.839429,2.27609,-1.56172,2.56458,1.47927,-0.712301,2.67864,-2.66438,3.15335,1.57262,2
0.0403803,-0.967256,1.6099,1.06357,0.353627,0.109416,0.0188407,-1.4191,-0.946896,-0.870854,-0.374707,0.774931,0.0637588,0.232057,1.09862,-0.44901,0.532549,0.193295,0.085798,0.971235,-0.202211,0.569002,0.0827096,0.104439,0.991914,2
-0.454757,-0.643185,0.332027,0.134244,0.965857,1.75821,0.199842,-1.88427,-1.10133,-1.42523,-0.329179,0.0627294,0.165589,-0.0106247,0.526512,-0.216034,-0.278873,0.255695,-0.288799,0.351698,0.0774022,-0.193645,0.185249,-0.0880068,0.34764,0
1.85135,1.62395,-0.0343832,0.0877969,-1.14784,-1.30073,-0.908185,0.635819,0.719228,1.41842,0.190377,3.39625,-4.87059,4.7893,1.36795,-0.18383,3.36623,-3.64377,4.40014,1.23548,-0.254945,3.55971,-4.77915,5.15345,1.441,2
-0.403173,-0.594309,1.07111,0.753061,0.790703,0.582185,-0.291827,-0.937471,-1.00119,-1.29921,-0.648672,0.40867,0.483203,0.0698959,0.847155,-0.883398,-0.0124539,0.323771,-0.208698,0.579177,-0.44932,0.255585,0.170047,-0.00395793,0.721017,2
0.650402,-0.373977,2.15436,1.1397,-0.336505,-0.421534,-0.493249,-1.42212,-0.765625,0.0927547,-0.655579,1.614,-0.195524,1.21191,1.43952,-0.850594,1.11974,0.0912052,0.856461,1.23751,-0.485492,1.45849,-0.468081,1.15055,1.32066,2
1.33964,0.952014,1.9775,0.137323,-0.801977,-0.112455,-0.0397106,-1.25411,-0.732441,0.644735,-0.468721,0.669572,0.553289,0.124209,1.06146,-0.418115,0.440224,0.614229,0.0502255,0.94026,-0.0482163,0.542704,0.46932,0.0722847,0.956761,2
2.24086,1.4834,0.0174315,0.0407999,-1.56409,-1.40186,-1.00558,0.952863,0.793671,1.88436,0.0825296,3.97573,-5.4663,5.57743,1.36565,-0.0919949,3.73698,-4.66681,5.2856,1.16778,-0.275375,3.97474,-5.68389,6.01995,1.40263,2
2.12059,2.00319,0.441924,0.171816,-1.11093,-1.10495,-0.716219,0.442283,-0.0583813,1.30996,-1.03483,4.53328,-3.61424,5.17022,1.79074,-1.71884,3.70216,-0.99997,4.25624,1.57556,-1.65565,4.08418,-2.51283,4.53218,1.80594,2
-0.506262,-0.624694,1.64683,1.09218,1.0164,0.362233,-0.214435,-1.4915,-1.1964,-1.62031,-0.768134,0.683366,0.0810604,0.284731,1.06642,-0.990285,0.374447,0.365231,0.0334737,0.924148,-0.514068,0.519616,0.0382214,0.205,0.970405,2
-0.454228,-0.481824,0.30591,-0.00869585,1.05435,2.05046,0.81641,-2.38547,-1.461,-1.54182,-0.722816,-0.261532,0.502624,-0.254845,0.259213,-0.610661,-0.413188,0.593379,-0.442663,0.242052,-0.181991,-0.362123,0.535628,-0.322872,0.161051,0
0.904907,0.973643,0.38899,0.0926845,0.214915,0.297474,-0.533629,-1.14227,-0.967086,0.385921,-0.781557,0.649992,0.731092,0.235485,1.00103,-1.07013,0.373057,0.344641,0.141931,0.823177,-0.651071,0.713301,0.187388,0.341193,0.972524,2
0.513359,0.12302,1.47251,0.467331,-0.319783,-0.517896,-0.0543834,-0.548871,-0.563234,0.339154,0.784746,-0.177903,-0.116293,0.014543,0.337455,0.30605,-0.240112,0.236804,-0.16238,0.310428,0.478366,-0.261372,0.116043,-0.129596,0.267789,2
-0.95909,-1.35262,0.583504,0.867165,1.06637,0.377575,0.10285,-0.965847,-0.626223,-1.51244,1.28079,-0.36738,-0.179252,-0.028206,-0.00573699,0.125199,-0.146888,0.374187,-0.169197,0.396656,0.59343,-0.310428,0.116473,-0.158702,0.153595,2
-2.02407,-2.36976,-0.0575418,0.689652,2.08698,1.4611,0.404602,-1.62988,-0.845076,-2.54914,1.28643,-0.768124,0.538256,-0.625054,-0.455547,1.58823,-0.757999,0.607502,-0.712921,-0.334096,1.31376,-0.810263,0.629762,-0.658268,-0.55257,2
-0.0355626,-0.577887,1.25274,0.95817,0.465562,-0.378095,0.128797,-1.07879,-0.839729,-0.568202,1.23123,-0.547552,0.480335,-0.541265,0.0121643,0.310608,-0.505622,0.663235,-0.5714,0.1642,0.8172,-0.527852,0.614059,-0.559526,0.0542633,2
-1.69798,-0.404792,-0.901099,-1.21761,1.08535,2.21046,1.26374,-0.57147,-0.553929,-1.35231,-0.498836,-0.947146,0.579086,-0.639787,-1.05251,-0.648453,-0.972704,0.555348,-0.738478,-0.958441,-0.250947,-0.943218,0.63288,-0.668173,-1.13144,0
-0.494258,-0.767884,0.902498,0.625903,0.477616,-0.0404901,0.178593,-0.699328,-0.658328,-0.565683,-0.406711,-0.671321,0.467951,-0.57158,-0.215494,-0.0545033,-0.720027,0.518806,-0.659007,-0.191276,-0.288699,-0.692621,0.546053,-0.595568,-0.269558,2
0.718898,1.4951,0.569721,-0.96004,-0.73462,1.00615,0.692691,-0.663505,-0.729443,0.617988,-1.05751,-0.855911,0.639867,-0.634589,-0.651641,-0.802607,-0.971584,0.658637,-0.746874,-0.794111,-0.365661,-0.846925,0.728673,-0.656259,-0.650562,0
-0.247439,-0.993943,0.365931,0.0653079,0.711712,1.85968,0.605823,-1.98892,-1.15018,-1.25632,-1.1417,-0.330628,0.881149,-0.437516,0.218173,-1.42162,-0.495208,0.784826,-0.548022,0.118942,-0.611321,-0.374507,0.782647,-0.484213,0.202521,0
-1.22254,-0.782587,-0.656579,-0.545033,0.560196,1.35071,0.83699,-0.168418,0.0554429,-1.21114,-0.599976,-0.810923,0.652021,-0.634159,-0.792932,-0.495617,-0.989795,0.655049,-0.75613,-1.0442,-0.0419394,-0.942409,0.666414,-0.678698,-0.98079,0
-1.28139,-1.51497,-1.3414,-0.518556,0.973913,1.64277,1.38139,-0.10259,-0.372517,-1.48832,-0.55056,-0.828624,0.651171,-0.641516,-0.905536,-0.415836,-0.97943,0.665804,-0.757989,-1.04696,-0.0567821,-0.955522,0.679487,-0.682376,-1.08143,0
0.573669,0.0076463,2.05402,0.574608,-0.425792,-0.483763,0.471619,-1.02878,-0.777599,0.0998312,0.690672,-0.198503,-0.202141,0.146938,0.235805,-0.0192905,-0.401433,0.0582914,-0.103869,0.0688464,0.34722,-0.249128,-0.186149,0.203481,0.14175,2
1.03214,1.28112,0.493598,0.185189,0.138682,-0.372298,-0.746634,-0.790503,-0.377945,0.307839,-1.15082,3.85907,-3.76683,4.73456,1.69604,-1.5522,2.63269,-1.7173,2.81874,1.42806,-1.51312,3.21857,-2.73598,3.49278,1.63178,2
-1.07445,0.400904,-1.59905,-0.8977,1.11474,0.766085,0.12216,1.12137,-0.20305,-0.63247,-0.343012,-0.863247,0.643695,-0.623385,-0.974453,-0.992804,-0.830014,0.427231,-0.700887,-0.958831,-0.446351,-0.782987,0.568512,-0.63337,-0.739658,2
0.488821,0.686434,0.642715,-0.599366,0.498056,0.543094,-0.534178,-1.19833,-0.730852,0.508831,-1.63007,-0.49095,0.793921,-0.517507,-0.00465751,-1.60426,-0.702166,0.778029,-0.665464,-0.165309,-1.25752,-0.522504,0.826825,-0.558077,-0.00251888,2
-1.35838,-1.117,-1.16641,-0.656309,0.20462,0.463983,0.486222,0.968446,1.2519,-0.669052,0.689393,-0.883297,0.404572,-0.580256,-1.06289,0.560076,-0.883297,0.414427,-0.659907,-0.778689,0.578307,-0.911324,0.537467,-0.629482,-1.13,2
-0.774041,-0.0866275,-1.08861,-1.19145,-0.590031,0.292237,0.711202,1.30777,1.40524,0.24522,1.8576,-1.0012,0.536837,-0.646683,-1.35481,1.99281,-0.908485,0.518376,-0.71411,-0.688133,1.8195,-0.948196,0.600016,-0.663165,-1.11958,2
0.311388,-0.150076,0.565773,0.812492,-0.0118742,-0.475727,-0.47063,-0.55203,-0.351688,0.155084,1.31771,0.002289,-0.357045,0.055533,0.330019,1.47307,-0.0219992,-0.628202,0.0773422,0.370988,1.48873,-0.0147927,-0.402023,0.0462575,0.28485,2
0.728553,1.52634,0.423143,-0.971994,-1.26552,-0.552919,0.545443,0.893582,0.135854,1.69056,1.2048,-0.903538,0.465422,-0.603744,-1.06573,2.0883,-0.994073,0.502244,-0.720157,-1.15159,1.69477,-0.904677,0.549781,-0.635569,-1.06554,0
2.15678,2.05851,0.350219,-0.882188,-1.1495,-0.861338,-0.249278,0.362213,-0.22425,2.4015,1.13015,-0.500505,0.159462,-0.400974,-0.189247,1.63226,-0.685135,0.20476,-0.546552,-0.365031,1.49129,-0.525813,0.226349,-0.420914,-0.235215,2
-1.16698,-1.61354,0.583275,1.20848,2.24796,-0.181281,-0.985498,-1.15728,-0.880918,-1.5863,-0.267579,-0.153445,0.18466,-0.329309,0.420394,-0.361673,0.0569221,0.0719247,-0.219812,0.621966,-0.262951,-0.121421,0.16261,-0.323591,0.425342,2
-0.854732,-0.914912,-0.172606,0.701136,0.934043,-0.288779,-0.537697,-0.0583915,0.00528748,-0.750343,0.519026,-0.341063,0.173065,-0.385281,0.161621,0.614959,-0.186649,-0.0327241,-0.300043,0.275715,0.53034,-0.323562,0.156513,-0.377745,0.135823,2
-0.892843,0.136403,-1.03113,-1.20731,-0.629152,0.363542,0.811303,1.34057,1.38271,0.0949736,1.74044,-1.02975,0.562695,-0.657368,-1.4593,2.04662,-0.935632,0.564084,-0.73459,-0.782517,1.63576,-0.985328,0.634609,-0.678638,-1.23813,2
-0.820618,0.234195,-1.19453,-1.30016,-0.730163,0.247489,0.658388,1.62631,1.56756,0.292567,2.11119,-1.01118,0.528811,-0.644874,-1.5062,2.30682,-0.912563,0.501304,-0.707124,-0.812262,1.94084,-0.948386,0.582025,-0.656838,-1.18238,2
0.254336,-0.0880868,0.723416,0.756409,0.294656,-0.690672,-0.928266,-0.36804,-0.405201,0.267629,1.13962,0.0975424,-0.417515,0.0841689,0.421154,1.07952,0.0623395,-0.618497,0.0672771,0.437536,1.05947,0.0607903,-0.370868,0.0357626,0.415786,2
-0.258943,-0.907276,0.38848,1.44357,1.38462,-1.22372,-1.64901,-0.430969,-0.50954,-0.184789,0.838769,0.601596,-0.724415,0.444093,0.821718,0.614659,0.537147,-0.750533,0.337205,0.754081,0.655689,0.497676,-0.566553,0.277974,0.786505,2
-1.05415,-0.356915,-1.11737,-0.875851,-0.407241,0.315755,0.616838,1.17047,1.38956,-0.0936641,2.03811,-0.854172,0.281262,-0.483423,-1.18754,1.96816,-0.744475,0.259013,-0.546682,-0.536847,1.89549,-0.852973,0.413088,-0.55121,-1.04287,2
-0.170387,-0.895621,0.763376,1.10565,0.289408,-0.181701,-0.447721,-0.686744,-0.544343,-0.442253,1.08805,-0.342002,0.0820499,-0.342342,0.0651083,1.17334,-0.320413,-0.10289,-0.34723,0.153915,1.29292,-0.344871,0.08182,-0.34711,0.0286758,2
-0.40784,0.36807,-0.758129,-1.16714,-1.67206,0.210597,2.06085,1.27822,0.866955,0.956682,1.15994,-0.994033,0.577577,-0.643535,-1.48252,1.91309,-1.09818,0.625064,-0.760258,-1.76374,1.56087,-1.04382,0.659897,-0.679817,-1.69634,0
0.0834192,0.477106,0.213555,-0.55052,0.00426791,0.875082,0.687823,-0.722846,-0.477996,-0.250987,-1.46103,-0.301462,0.566273,-0.457446,0.178713,-1.15387,-0.586373,0.465102,-0.581365,-0.0390908,-1.08517,-0.515048,0.513069,-0.507232,-0.0481266,2
0.0913253,-0.129746,0.437276,-0.478536,-0.117433,1.08512,0.539216,-0.679367,-0.643775,-0.0930744,-1.54517,-0.565493,0.590361,-0.547542,-0.0761425,-1.26843,-0.760408,0.542384,-0.661676,-0.257014,-1.17558,-0.669352,0.606263,-0.582665,-0.236604,2
-0.118142,-0.893213,1.05514,1.47082,0.768344,-0.269378,-0.832602,-0.962629,-0.789313,-0.987906,-1.00185,1.23563,-0.313187,0.663066,1.26129,-1.34178,1.13412,0.00525734,0.636309,1.16408,-1.14384,1.20841,-0.28563,0.568732,1.23699,2
-1.78064,-0.4282,-2.48225,-1.83172,-1.62006,0.934283,1.58384,2.59276,3.31953,-0.38864,1.3868,-0.599896,-0.0507551,-0.339754,-1.36865,1.02902,-0.763006,0.304101,-0.550181,-0.725275,1.04871,-0.71563,0.18396,-0.413357,-1.12663,1
-0.249888,0.100421,-0.425152,-0.826405,-0.266859,1.68111,1.22745,-0.565943,-0.351188,-0.500835,-2.03989,-0.625094,0.723616,-0.605613,-0.466282,-1.93051,-0.946896,0.692211,-0.745295,-0.838859,-1.69044,-0.824446,0.745535,-0.655689,-0.667523,0
1.3357,1.0273,1.33636,-0.207369,-0.575978,0.629602,-0.0272967,-1.54596,-0.849794,0.497766,-1.47871,0.433378,1.12833,-0.0212495,0.888785,-1.6093,0.12353,1.16071,-0.174025,0.718179,-1.32482,0.382573,1.1249,-0.0407699,0.874842,2
-1.66315,-0.549741,-2.48353,-1.89007,-2.45775,0.910944,2.05104,2.77613,4.04025,-0.329649,2.08021,-0.798179,0.0522645,-0.380164,-2.37615,2.14084,-0.906356,0.242521,-0.575678,-1.81647,2.00434,-0.85787,0.24538,-0.466342,-2.13591,1
1.30882,1.29085,0.486352,0.536397,0.201162,-0.760667,-0.903528,-0.753931,-0.626913,0.4915,-0.485312,1.70925,-0.137852,1.15359,1.43813,-1.45617,1.34624,0.839749,1.00686,1.33691,-1.07019,1.72831,0.42985,1.13795,1.44671,2
1.11748,1.10303,1.00356,1.18187,-0.584694,-1.26491,-0.570401,-0.435477,-0.425002,0.537737,-0.14258,1.50158,-1.00274,1.16774,1.29083,-0.681436,1.08428,-0.287929,0.782347,1.21826,-0.433448,1.44986,-0.568222,1.02914,1.29454,2
1.49183,0.625794,0.834102,1.09078,-0.144909,-0.968696,-0.889295,-0.759638,-0.567582,0.379075,-0.536577,2.5722,-0.261222,1.91787,1.64075,-1.24251,1.95451,0.493338,1.57048,1.45675,-1.04417,2.44218,-0.0470569,1.82177,1.59753,2
-2.05288,-1.23135,-2.60626,-1.70623,-1.60176,1.31003,1.94064,2.38539,3.64196,-1.09308,1.78949,-0.772602,0.250737,-0.526982,-1.40049,1.57726,-0.804536,0.491839,-0.65413,-0.681376,1.44069,-0.863068,0.442913,-0.589531,-1.1453,1
0.559466,-0.0114443,-0.444452,0.502584,0.273436,1.09209,0.475147,-1.66425,-1.17063,-0.517287,-1.3684,-0.358954,0.888465,-0.440764,0.149357,-2.18616,-0.506792,1.0321,-0.540715,0.0488262,-1.50787,-0.318004,0.936871,-0.44956,0.250107,2
0.341803,0.392708,0.04088,-0.716849,-0.0425292,1.53162,0.91923,-1.04858,-0.718558,-0.468181,-0.723276,-0.499835,0.746375,-0.554089,-0.0382611,-0.77699,-0.826785,0.707154,-0.698998,-0.446162,-0.351928,-0.672401,0.774411,-0.600216,-0.257704,0
0.849184,0.0465273,0.997002,0.919909,-0.240872,-0.437946,-0.420584,-0.701247,-0.414737,-0.115084,-0.355756,1.93787,-0.281772,1.20434,1.44552,-0.851853,1.62748,0.416206,1.20704,1.29335,-0.590751,1.78691,-0.2645,1.1168,1.40007,2
-1.68934,0.0492659,-2.21645,-1.67423,-1.51409,0.670372,1.54875,2.92083,2.93848,-0.526242,2.01722,-0.709443,0.139702,-0.483043,-1.79817,1.26733,-0.663305,-0.0305251,-0.504603,-1.27466,1.42792,-0.535138,-0.0674369,-0.371318,-1.58398,1
0.764456,0.560675,0.65297,0.764205,0.372018,-0.493588,-0.67439,-0.493778,-0.505612,-0.479705,-0.276595,1.76734,-0.276694,1.12774,1.42639,-1.08422,1.47767,0.744755,0.996362,1.29866,-0.782497,1.69446,0.172825,0.991325,1.41691,2
-1.39622,-0.0270767,-1.97535,-1.58946,-1.08357,0.846376,1.28001,2.09983,2.22733,-0.252326,1.23548,0.024748,-0.528581,-0.0976121,-0.57204,1.31759,-0.359354,-0.00605712,-0.415537,-0.0168317,1.10393,-0.423823,0.0674071,-0.393457,-0.412658,1
-0.296385,0.284011,-0.178413,-1.0016,0.165209,1.97573,1.0652,-1.16476,-0.685604,-0.607772,-1.32748,-0.77527,0.716499,-0.618687,-0.644694,-1.61218,-1.00882,0.709402,-0.749643,-1.15842,-0.992604,-0.897621,0.743856,-0.664495,-0.903268,0
